# M = 101, N = 21, t_F = 1
# dx = 0.05, dt = 0.01
0	0	0
0	0.05	0
0	0.1	0
0	0.15	0
0	0.2	0
0	0.25	0
0	0.3	0
0	0.35	0
0	0.4	0
0	0.45	0
0	0.5	0
0	0.55	0
0	0.6	0
0	0.65	0
0	0.7	0
0	0.75	0
0	0.8	0
0	0.85	0
0	0.9	0
0	0.95	0
0	1	0

0.01	0	-0.0600989
0.01	0.05	-0.0352226
0.01	0.1	-0.0191518
0.01	0.15	-0.00786909
0.01	0.2	0.0014464
0.01	0.25	0.0111235
0.01	0.3	0.0235814
0.01	0.35	0.0419348
0.01	0.4	0.0707718
0.01	0.45	0.117302
0.01	0.5	-0.606843
0.01	0.55	0.117302
0.01	0.6	0.0707718
0.01	0.65	0.0419348
0.01	0.7	0.0235814
0.01	0.75	0.0111235
0.01	0.8	0.0014464
0.01	0.85	-0.00786909
0.01	0.9	-0.0191518
0.01	0.95	-0.0352226
0.01	1	-0.0600989

0.02	0	-0.0725879
0.02	0.05	-0.0482981
0.02	0.1	-0.0272772
0.02	0.15	-0.0082877
0.02	0.2	0.0105972
0.02	0.25	0.0317698
0.02	0.3	0.058104
0.02	0.35	0.0930688
0.02	0.4	0.140817
0.02	0.45	-2.99392
0.02	0.5	5.09353
0.02	0.55	-2.99392
0.02	0.6	0.140817
0.02	0.65	0.0930688
0.02	0.7	0.058104
0.02	0.75	0.0317698
0.02	0.8	0.0105972
0.02	0.85	-0.0082877
0.02	0.9	-0.0272772
0.02	0.95	-0.0482981
0.02	1	-0.0725879

0.03	0	-0.0746338
0.03	0.05	-0.0497791
0.03	0.1	-0.0252946
0.03	0.15	-0.000314502
0.03	0.2	0.0266589
0.03	0.25	0.0576478
0.03	0.3	0.0951061
0.03	0.35	0.141815
0.03	0.4	-12.5993
0.03	0.45	41.8746
0.03	0.5	-59.6344
0.03	0.55	41.8746
0.03	0.6	-12.5993
0.03	0.65	0.141815
0.03	0.7	0.0951061
0.03	0.75	0.0576478
0.03	0.8	0.0266589
0.03	0.85	-0.000314502
0.03	0.9	-0.0252946
0.03	0.95	-0.0497791
0.03	1	-0.0746338

0.04	0	-0.0730402
0.04	0.05	-0.0456821
0.04	0.1	-0.0172997
0.04	0.15	0.0130814
0.04	0.2	0.0468115
0.04	0.25	0.0855798
0.04	0.3	0.131331
0.04	0.35	-51.0139
0.04	0.4	256.252
0.04	0.45	-582.069
0.04	0.5	752.424
0.04	0.55	-582.069
0.04	0.6	256.252
0.04	0.65	-51.0139
0.04	0.7	0.131331
0.04	0.75	0.0855798
0.04	0.8	0.0468115
0.04	0.85	0.0130814
0.04	0.9	-0.0172997
0.04	0.95	-0.0456821
0.04	1	-0.0730402

0.05	0	-0.0698348
0.05	0.05	-0.0388682
0.05	0.1	-0.00619806
0.05	0.15	0.0292474
0.05	0.2	0.0687345
0.05	0.25	0.113702
0.05	0.3	-204.634
0.05	0.35	1382.63
0.05	0.4	-4326.1
0.05	0.45	8109.18
0.05	0.5	-9923.53
0.05	0.55	8109.18
0.05	0.6	-4326.1
0.05	0.65	1382.63
0.05	0.7	-204.634
0.05	0.75	0.113702
0.05	0.8	0.0687345
0.05	0.85	0.0292474
0.05	0.9	-0.00619806
0.05	0.95	-0.0388682
0.05	1	-0.0698348

0.06	0	-0.0659058
0.06	0.05	-0.0308294
0.06	0.1	0.00625667
0.06	0.15	0.0464564
0.06	0.2	0.0909585
0.06	0.25	-819.059
0.06	0.3	6963.4
0.06	0.35	-27801.3
0.06	0.4	68249.9
0.06	0.45	-113763
0.06	0.5	134338
0.06	0.55	-113763
0.06	0.6	68249.9
0.06	0.65	-27801.3
0.06	0.7	6963.4
0.06	0.75	-819.059
0.06	0.8	0.0909585
0.06	0.85	0.0464564
0.06	0.9	0.00625667
0.06	0.95	-0.0308294
0.06	1	-0.0659058

0.07	0	-0.0617165
0.07	0.05	-0.0223857
0.07	0.1	0.019056
0.07	0.15	0.0636976
0.07	0.2	-3276.69
0.07	0.25	33587.4
0.07	0.3	-163225
0.07	0.35	495463
0.07	0.4	-1.04401e+06
0.07	0.45	1.60669e+06
0.07	0.5	-1.85047e+06
0.07	0.55	1.60669e+06
0.07	0.6	-1.04401e+06
0.07	0.65	495463
0.07	0.7	-163225
0.07	0.75	33587.4
0.07	0.8	-3276.69
0.07	0.85	0.0636976
0.07	0.9	0.019056
0.07	0.95	-0.0223857
0.07	1	-0.0617165

0.08	0	-0.0575192
0.08	0.05	-0.0139892
0.08	0.1	0.0316401
0.08	0.15	-13107.1
0.08	0.2	157287
0.08	0.25	-901120
0.08	0.3	3.25878e+06
0.08	0.35	-8.29716e+06
0.08	0.4	1.57167e+07
0.08	0.45	-2.28247e+07
0.08	0.5	2.58068e+07
0.08	0.55	-2.28247e+07
0.08	0.6	1.57167e+07
0.08	0.65	-8.29716e+06
0.08	0.7	3.25878e+06
0.08	0.75	-901120
0.08	0.8	157287
0.08	0.85	-13107.1
0.08	0.9	0.03164
0.08	0.95	-0.0139891
0.08	1	-0.0575192

0.09	0	-0.0534497
0.09	0.05	-0.00588185
0.09	0.1	-52428.8
0.09	0.15	720896
0.09	0.2	-4.75791e+06
0.09	0.25	1.99721e+07
0.09	0.3	-5.96046e+07
0.09	0.35	1.33982e+08
0.09	0.4	-2.34504e+08
0.09	0.45	3.25867e+08
0.09	0.5	-3.63246e+08
0.09	0.55	3.25867e+08
0.09	0.6	-2.34504e+08
0.09	0.65	1.33982e+08
0.09	0.7	-5.96046e+07
0.09	0.75	1.99721e+07
0.09	0.8	-4.75791e+06
0.09	0.85	720896
0.09	0.9	-52428.8
0.09	0.95	-0.00588263
0.09	1	-0.0534497

0.1	0	-0.049577
0.1	0.05	-209715
0.1	0.1	3.25059e+06
0.1	0.15	-2.42876e+07
0.1	0.2	1.16077e+08
0.1	0.25	-3.97255e+08
0.1	0.3	1.03305e+09
0.1	0.35	-2.11431e+09
0.1	0.4	3.48093e+09
0.1	0.45	-4.67207e+09
0.1	0.5	5.14966e+09
0.1	0.55	-4.67207e+09
0.1	0.6	3.48093e+09
0.1	0.65	-2.11431e+09
0.1	0.7	1.03305e+09
0.1	0.75	-3.97255e+08
0.1	0.8	1.16077e+08
0.1	0.85	-2.42876e+07
0.1	0.9	3.25059e+06
0.1	0.95	-209715
0.1	1	-0.049577

0.11	0	-0.0459323
0.11	0.05	1.44703e+07
0.11	0.1	-1.20744e+08
0.11	0.15	6.47325e+08
0.11	0.2	-2.49871e+09
0.11	0.25	7.37728e+09
0.11	0.3	-1.72776e+10
0.11	0.35	3.28561e+10
0.11	0.4	-5.1512e+10
0.11	0.45	6.72268e+10
0.11	0.5	-7.34241e+10
0.11	0.55	6.72268e+10
0.11	0.6	-5.1512e+10
0.11	0.65	3.28561e+10
0.11	0.7	-1.72776e+10
0.11	0.75	7.37728e+09
0.11	0.8	-2.49871e+09
0.11	0.85	6.47325e+08
0.11	0.9	-1.20744e+08
0.11	0.95	1.44703e+07
0.11	1	-0.0459323

0.12	0	-0.042525
0.12	0.05	-5.84267e+08
0.12	0.1	3.49239e+09
0.12	0.15	-1.50091e+10
0.12	0.2	4.95894e+10
0.12	0.25	-1.30746e+11
0.12	0.3	2.81876e+11
0.12	0.35	-5.05151e+11
0.12	0.4	7.60915e+11
0.12	0.45	-9.70332e+11
0.12	0.5	1.05178e+12
0.12	0.55	-9.70332e+11
0.12	0.6	7.60915e+11
0.12	0.65	-5.05151e+11
0.12	0.7	2.81876e+11
0.12	0.75	-1.30746e+11
0.12	0.8	4.95894e+10
0.12	0.85	-1.50091e+10
0.12	0.9	3.49239e+09
0.12	0.95	-5.84267e+08
0.12	1	-0.042525

0.13	0	-0.0393527
0.13	0.05	1.80594e+10
0.13	0.1	-8.68202e+10
0.13	0.15	3.17391e+11
0.13	0.2	-9.30147e+11
0.13	0.25	2.24109e+12
0.13	0.3	-4.51672e+12
0.13	0.35	7.70722e+12
0.13	0.4	-1.12283e+13
0.13	0.45	1.40431e+13
0.13	0.5	-1.51251e+13
0.13	0.55	1.40431e+13
0.13	0.6	-1.12283e+13
0.13	0.65	7.70722e+12
0.13	0.7	-4.51672e+12
0.13	0.75	2.24109e+12
0.13	0.8	-9.30147e+11
0.13	0.85	3.17391e+11
0.13	0.9	-8.68202e+10
0.13	0.95	1.80594e+10
0.13	1	-0.0393527

0.14	0	-0.0364068
0.14	0.05	-4.73697e+11
0.14	0.1	1.94954e+12
0.14	0.15	-6.2896e+12
0.14	0.2	1.67449e+13
0.14	0.25	-3.74751e+13
0.14	0.3	7.14103e+13
0.14	0.35	-1.16931e+14
0.14	0.4	1.656e+14
0.14	0.45	-2.03716e+14
0.14	0.5	2.18221e+14
0.14	0.55	-2.03716e+14
0.14	0.6	1.656e+14
0.14	0.65	-1.16931e+14
0.14	0.7	7.14103e+13
0.14	0.75	-3.74751e+13
0.14	0.8	1.67449e+13
0.14	0.85	-6.2896e+12
0.14	0.9	1.94954e+12
0.14	0.95	-4.73697e+11
0.14	1	-0.0364068

0.15	0	-0.0336755
0.15	0.05	1.1114e+13
0.15	0.1	-4.07e+13
0.15	0.15	1.18805e+14
0.15	0.2	-2.92273e+14
0.15	0.25	6.14947e+14
0.15	0.3	-1.1175e+15
0.15	0.35	1.76656e+15
0.15	0.4	-2.44178e+15
0.15	0.45	2.96129e+15
0.15	0.5	-3.15727e+15
0.15	0.55	2.96129e+15
0.15	0.6	-2.44178e+15
0.15	0.65	1.76656e+15
0.15	0.7	-1.1175e+15
0.15	0.75	6.14947e+14
0.15	0.8	-2.92273e+14
0.15	0.85	1.18805e+14
0.15	0.9	-4.07e+13
0.15	0.95	1.1114e+13
0.15	1	-0.0336755

0.16	0	-0.0311457
0.16	0.05	-2.40598e+14
0.16	0.1	8.04577e+14
0.16	0.15	-2.16353e+15
0.16	0.2	4.98092e+15
0.16	0.25	-9.9437e+15
0.16	0.3	1.73485e+16
0.16	0.35	-2.6603e+16
0.16	0.4	3.60039e+16
0.16	0.45	-4.31253e+16
0.16	0.5	4.57913e+16
0.16	0.55	-4.31253e+16
0.16	0.6	3.60039e+16
0.16	0.65	-2.6603e+16
0.16	0.7	1.73485e+16
0.16	0.75	-9.9437e+15
0.16	0.8	4.98092e+15
0.16	0.85	-2.16353e+15
0.16	0.9	8.04577e+14
0.16	0.95	-2.40598e+14
0.16	1	-0.0311457

0.17	0	-0.0288039
0.17	0.05	4.9025e+15
0.17	0.1	-1.52485e+16
0.17	0.15	3.82867e+16
0.17	0.2	-8.32954e+16
0.17	0.25	1.58924e+17
0.17	0.3	-2.67626e+17
0.17	0.35	3.99631e+17
0.17	0.4	-5.3094e+17
0.17	0.45	6.29058e+17
0.17	0.5	-6.65541e+17
0.17	0.55	6.29058e+17
0.17	0.6	-5.3094e+17
0.17	0.65	3.99631e+17
0.17	0.7	-2.67626e+17
0.17	0.75	1.58924e+17
0.17	0.8	-8.32954e+16
0.17	0.85	3.82867e+16
0.17	0.9	-1.52485e+16
0.17	0.95	4.9025e+15
0.17	1	-0.0288039

0.18	0	-0.026637
0.18	0.05	-9.53117e+16
0.18	0.1	2.79497e+17
0.18	0.15	-6.62183e+17
0.18	0.2	1.37191e+18
0.18	0.25	-2.51615e+18
0.18	0.3	4.1076e+18
0.18	0.35	-5.99168e+18
0.18	0.4	7.83134e+18
0.18	0.45	-9.18933e+18
0.18	0.5	9.69125e+18
0.18	0.55	-9.18933e+18
0.18	0.6	7.83134e+18
0.18	0.65	-5.99168e+18
0.18	0.7	4.1076e+18
0.18	0.75	-2.51615e+18
0.18	0.8	1.37191e+18
0.18	0.85	-6.62183e+17
0.18	0.9	2.79497e+17
0.18	0.95	-9.53117e+16
0.18	1	-0.026637

0.19	0	-0.0246324
0.19	0.05	1.78517e+18
0.19	0.1	-4.98645e+18
0.19	0.15	1.12409e+19
0.19	0.2	-2.23167e+19
0.19	0.25	3.95311e+19
0.19	0.3	-6.27845e+19
0.19	0.35	8.96975e+19
0.19	0.4	-1.15543e+20
0.19	0.45	1.34416e+20
0.19	0.5	-1.41353e+20
0.19	0.55	1.34416e+20
0.19	0.6	-1.15543e+20
0.19	0.65	8.96975e+19
0.19	0.7	-6.27845e+19
0.19	0.75	3.95311e+19
0.19	0.8	-2.23167e+19
0.19	0.85	1.12409e+19
0.19	0.9	-4.98645e+18
0.19	0.95	1.78517e+18
0.19	1	-0.0246324

0.2	0	-0.0227783
0.2	0.05	-3.2442e+19
0.2	0.1	8.70094e+19
0.2	0.15	-1.87899e+20
0.2	0.2	3.59305e+20
0.2	0.25	-6.17122e+20
0.2	0.3	9.56406e+20
0.2	0.35	-1.34119e+21
0.2	0.4	1.70526e+21
0.2	0.45	-1.9685e+21
0.2	0.5	2.0648e+21
0.2	0.55	-1.9685e+21
0.2	0.6	1.70526e+21
0.2	0.65	-1.34119e+21
0.2	0.7	9.56406e+20
0.2	0.75	-6.17122e+20
0.2	0.8	3.59305e+20
0.2	0.85	-1.87899e+20
0.2	0.9	8.70094e+19
0.2	0.95	-3.2442e+19
0.2	1	-0.0227783

0.21	0	-0.0210636
0.21	0.05	5.75132e+20
0.21	0.1	-1.49043e+21
0.21	0.15	3.10055e+21
0.21	0.2	-5.73522e+21
0.21	0.25	9.5827e+21
0.21	0.3	-1.45281e+22
0.21	0.35	2.0035e+22
0.21	0.4	-2.51756e+22
0.21	0.45	2.88597e+22
0.21	0.5	-3.02016e+22
0.21	0.55	2.88597e+22
0.21	0.6	-2.51756e+22
0.21	0.65	2.0035e+22
0.21	0.7	-1.45281e+22
0.21	0.75	9.5827e+21
0.21	0.8	-5.73522e+21
0.21	0.85	3.10055e+21
0.21	0.9	-1.49043e+21
0.21	0.95	5.75132e+20
0.21	1	-0.0210636

0.22	0	-0.0194778
0.22	0.05	-9.98764e+21
0.22	0.1	2.51357e+22
0.22	0.15	-5.06064e+22
0.22	0.2	9.08795e+22
0.22	0.25	-1.48132e+23
0.22	0.3	2.20168e+23
0.22	0.35	-2.9906e+23
0.22	0.4	3.71808e+23
0.22	0.45	-4.23526e+23
0.22	0.5	4.42289e+23
0.22	0.55	-4.23526e+23
0.22	0.6	3.71808e+23
0.22	0.65	-2.9906e+23
0.22	0.7	2.20168e+23
0.22	0.75	-1.48132e+23
0.22	0.8	9.08795e+22
0.22	0.85	-5.06064e+22
0.22	0.9	2.51357e+22
0.22	0.95	-9.98764e+21
0.22	1	-0.0194778

0.23	0	-0.0180113
0.23	0.05	1.70456e+23
0.23	0.1	-4.18326e+23
0.23	0.15	8.18306e+23
0.23	0.2	-1.43111e+24
0.23	0.25	2.28111e+24
0.23	0.3	-3.32994e+24
0.23	0.35	4.46132e+24
0.23	0.4	-5.493e+24
0.23	0.45	6.22107e+24
0.23	0.5	-6.48423e+24
0.23	0.55	6.22107e+24
0.23	0.6	-5.493e+24
0.23	0.65	4.46132e+24
0.23	0.7	-3.32994e+24
0.23	0.75	2.28111e+24
0.23	0.8	-1.43111e+24
0.23	0.85	8.18306e+23
0.23	0.9	-4.18326e+23
0.23	0.95	1.70456e+23
0.23	1	-0.0180113

0.24	0	-0.0166552
0.24	0.05	-2.8665e+24
0.24	0.1	6.88333e+24
0.24	0.15	-1.31259e+25
0.24	0.2	2.24155e+25
0.24	0.25	-3.5012e+25
0.24	0.3	5.02793e+25
0.24	0.35	-6.6521e+25
0.24	0.4	8.11805e+25
0.24	0.45	-9.14564e+25
0.24	0.5	9.51582e+25
0.24	0.55	-9.14564e+25
0.24	0.6	8.11805e+25
0.24	0.65	-6.6521e+25
0.24	0.7	5.02793e+25
0.24	0.75	-3.5012e+25
0.24	0.8	2.24155e+25
0.24	0.85	-1.31259e+25
0.24	0.9	6.88333e+24
0.24	0.95	-2.8665e+24
0.24	1	-0.0166552

0.25	0	-0.0154011
0.25	0.05	4.75988e+25
0.25	0.1	-1.12153e+26
0.25	0.15	2.09076e+26
0.25	0.2	-3.4946e+26
0.25	0.25	5.35863e+26
0.25	0.3	-7.58087e+26
0.25	0.35	9.91486e+26
0.25	0.4	-1.20017e+27
0.25	0.45	1.34555e+27
0.25	0.5	-1.39776e+27
0.25	0.55	1.34555e+27
0.25	0.6	-1.20017e+27
0.25	0.65	9.91486e+26
0.25	0.7	-7.58087e+26
0.25	0.75	5.35863e+26
0.25	0.8	-3.4946e+26
0.25	0.85	2.09076e+26
0.25	0.9	-1.12153e+26
0.25	0.95	4.75988e+25
0.25	1	-0.0154011

0.26	0	-0.0142415
0.26	0.05	-7.81804e+26
0.26	0.1	1.81177e+27
0.26	0.15	-3.30999e+27
0.26	0.2	5.42598e+27
0.26	0.25	-8.18123e+27
0.26	0.3	1.1416e+28
0.26	0.35	-1.47734e+28
0.26	0.4	1.77494e+28
0.26	0.45	-1.98106e+28
0.26	0.5	2.05487e+28
0.26	0.55	-1.98106e+28
0.26	0.6	1.77494e+28
0.26	0.65	-1.47734e+28
0.26	0.7	1.1416e+28
0.26	0.75	-8.18123e+27
0.26	0.8	5.42598e+27
0.26	0.85	-3.30999e+27
0.26	0.9	1.81177e+27
0.26	0.95	-7.81804e+26
0.26	1	-0.0142415

0.27	0	-0.0131692
0.27	0.05	1.27197e+28
0.27	0.1	-2.90496e+28
0.27	0.15	5.21209e+28
0.27	0.2	-8.39467e+28
0.27	0.25	1.24637e+29
0.27	0.3	-1.71731e+29
0.27	0.35	2.20076e+29
0.27	0.4	-2.62582e+29
0.27	0.45	2.91866e+29
0.27	0.5	-3.02326e+29
0.27	0.55	2.91866e+29
0.27	0.6	-2.62582e+29
0.27	0.65	2.20076e+29
0.27	0.7	-1.71731e+29
0.27	0.75	1.24637e+29
0.27	0.8	-8.39467e+28
0.27	0.85	5.21209e+28
0.27	0.9	-2.90496e+28
0.27	0.95	1.27197e+28
0.27	1	-0.0131692

0.28	0	-0.0121776
0.28	0.05	-2.05236e+29
0.28	0.1	4.62709e+29
0.28	0.15	-8.16831e+29
0.28	0.2	1.29466e+30
0.28	0.25	-1.89517e+30
0.28	0.3	2.58096e+30
0.28	0.35	-3.27778e+30
0.28	0.4	3.88584e+30
0.28	0.45	-4.30269e+30
0.28	0.5	4.45121e+30
0.28	0.55	-4.30269e+30
0.28	0.6	3.88584e+30
0.28	0.65	-3.27778e+30
0.28	0.7	2.58096e+30
0.28	0.75	-1.89517e+30
0.28	0.8	1.29466e+30
0.28	0.85	-8.16831e+29
0.28	0.9	4.62709e+29
0.28	0.95	-2.05236e+29
0.28	1	-0.0121776

0.29	0	-0.0112606
0.29	0.05	3.28749e+30
0.29	0.1	-7.32724e+30
0.29	0.15	1.27473e+31
0.29	0.2	-1.99106e+31
0.29	0.25	2.87686e+31
0.29	0.3	-3.87585e+31
0.29	0.35	4.88117e+31
0.29	0.4	-5.75228e+31
0.29	0.45	6.3467e+31
0.29	0.5	-6.558e+31
0.29	0.55	6.3467e+31
0.29	0.6	-5.75228e+31
0.29	0.65	4.88117e+31
0.29	0.7	-3.87585e+31
0.29	0.75	2.87686e+31
0.29	0.8	-1.99106e+31
0.29	0.85	1.27473e+31
0.29	0.9	-7.32724e+30
0.29	0.95	3.28749e+30
0.29	1	-0.0112606

0.3	0	-0.0104127
0.3	0.05	-5.23214e+31
0.3	0.1	1.1543e+32
0.3	0.15	-1.98182e+32
0.3	0.2	3.05438e+32
0.3	0.25	-4.36057e+32
0.3	0.3	5.81631e+32
0.3	0.35	-7.26807e+32
0.3	0.4	8.51774e+32
0.3	0.45	-9.3668e+32
0.3	0.5	9.66796e+32
0.3	0.55	-9.3668e+32
0.3	0.6	8.51774e+32
0.3	0.65	-7.26807e+32
0.3	0.7	5.81631e+32
0.3	0.75	-4.36057e+32
0.3	0.8	3.05438e+32
0.3	0.85	-1.98182e+32
0.3	0.9	1.1543e+32
0.3	0.95	-5.23214e+31
0.3	1	-0.0104127

0.31	0	-0.00962869
0.31	0.05	8.27969e+32
0.31	0.1	-1.81002e+33
0.31	0.15	3.07075e+33
0.31	0.2	-4.67502e+33
0.31	0.25	6.60067e+33
0.31	0.3	-8.72287e+33
0.31	0.35	1.08213e+34
0.31	0.4	-1.26164e+34
0.31	0.45	1.3831e+34
0.31	0.5	-1.4261e+34
0.31	0.55	1.3831e+34
0.31	0.6	-1.26164e+34
0.31	0.65	1.08213e+34
0.31	0.7	-8.72287e+33
0.31	0.75	6.60067e+33
0.31	0.8	-4.67502e+33
0.31	0.85	3.07075e+33
0.31	0.9	-1.81002e+33
0.31	0.95	8.27969e+32
0.31	1	-0.00962869

0.32	0	-0.00890368
0.32	0.05	-1.30359e+34
0.32	0.1	2.8265e+34
0.32	0.15	-4.74354e+34
0.32	0.2	7.14108e+34
0.32	0.25	-9.97963e+34
0.32	0.3	1.30748e+35
0.32	0.35	-1.61106e+35
0.32	0.4	1.86924e+35
0.32	0.45	-2.04327e+35
0.32	0.5	2.10475e+35
0.32	0.55	-2.04327e+35
0.32	0.6	1.86924e+35
0.32	0.65	-1.61106e+35
0.32	0.7	1.30748e+35
0.32	0.75	-9.97963e+34
0.32	0.8	7.14108e+34
0.32	0.85	-4.74354e+34
0.32	0.9	2.8265e+34
0.32	0.95	-1.30359e+34
0.32	1	-0.00890368

0.33	0	-0.00823326
0.33	0.05	2.04311e+35
0.33	0.1	-4.3974e+35
0.33	0.15	7.30751e+35
0.33	0.2	-1.0888e+36
0.33	0.25	1.50721e+36
0.33	0.3	-1.95884e+36
0.33	0.35	2.39843e+36
0.33	0.4	-2.7702e+36
0.33	0.45	3.01988e+36
0.33	0.5	-3.10794e+36
0.33	0.55	3.01988e+36
0.33	0.6	-2.7702e+36
0.33	0.65	2.39843e+36
0.33	0.7	-1.95884e+36
0.33	0.75	1.50721e+36
0.33	0.8	-1.0888e+36
0.33	0.85	7.30751e+35
0.33	0.9	-4.3974e+35
0.33	0.95	2.04311e+35
0.33	1	-0.00823326

0.34	0	-0.00761332
0.34	0.05	-3.18914e+36
0.34	0.1	6.81843e+36
0.34	0.15	-1.12294e+37
0.34	0.2	1.65735e+37
0.34	0.25	-2.2741e+37
0.34	0.3	2.93344e+37
0.34	0.35	-3.57052e+37
0.34	0.4	4.10646e+37
0.34	0.45	-4.46518e+37
0.34	0.5	4.59147e+37
0.34	0.55	-4.46518e+37
0.34	0.6	4.10646e+37
0.34	0.65	-3.57052e+37
0.34	0.7	2.93344e+37
0.34	0.75	-2.2741e+37
0.34	0.8	1.65735e+37
0.34	0.85	-1.12294e+37
0.34	0.9	6.81843e+36
0.34	0.95	-3.18914e+36
0.34	1	-0.00761332

0.35	0	-0.00704006
0.35	0.05	4.95977e+37
0.35	0.1	-1.05403e+38
0.35	0.15	1.72174e+38
0.35	0.2	-2.51896e+38
0.35	0.25	3.42819e+38
0.35	0.3	-4.39126e+38
0.35	0.35	5.31532e+38
0.35	0.4	-6.0888e+38
0.35	0.45	6.6048e+38
0.35	0.5	-6.78617e+38
0.35	0.55	6.6048e+38
0.35	0.6	-6.0888e+38
0.35	0.65	5.31532e+38
0.35	0.7	-4.39126e+38
0.35	0.75	3.42819e+38
0.35	0.8	-2.51896e+38
0.35	0.85	1.72174e+38
0.35	0.9	-1.05403e+38
0.35	0.95	4.95977e+37
0.35	1	-0.00704006

0.36	0	-0.00650996
0.36	0.05	-7.68797e+38
0.36	0.1	1.62491e+39
0.36	0.15	-2.63441e+39
0.36	0.2	3.82324e+39
0.36	0.25	-5.16382e+39
0.36	0.3	6.57129e+39
0.36	0.35	-7.91275e+39
0.36	0.4	9.03021e+39
0.36	0.45	-9.77334e+39
0.36	0.5	1.00342e+40
0.36	0.55	-9.77334e+39
0.36	0.6	9.03021e+39
0.36	0.65	-7.91275e+39
0.36	0.7	6.57129e+39
0.36	0.75	-5.16382e+39
0.36	0.8	3.82324e+39
0.36	0.85	-2.63441e+39
0.36	0.9	1.62491e+39
0.36	0.95	-7.68797e+38
0.36	1	-0.00650996

0.37	0	-0.00601978
0.37	0.05	1.18812e+40
0.37	0.1	-2.49872e+40
0.37	0.15	4.02335e+40
0.37	0.2	-5.79556e+40
0.37	0.25	7.77249e+40
0.37	0.3	-9.83053e+40
0.37	0.35	1.17795e+41
0.37	0.4	-1.33956e+41
0.37	0.45	1.44671e+41
0.37	0.5	-1.48426e+41
0.37	0.55	1.44671e+41
0.37	0.6	-1.33956e+41
0.37	0.65	1.17795e+41
0.37	0.7	-9.83053e+40
0.37	0.75	7.77249e+40
0.37	0.8	-5.79556e+40
0.37	0.85	4.02335e+40
0.37	0.9	-2.49872e+40
0.37	0.95	1.18812e+40
0.37	1	-0.00601978

0.38	0	-0.00556651
0.38	0.05	-1.83117e+41
0.38	0.1	3.83369e+41
0.38	0.15	-6.13406e+41
0.38	0.2	8.77523e+41
0.38	0.25	-1.16912e+42
0.38	0.3	1.47022e+42
0.38	0.35	-1.75361e+42
0.38	0.4	1.98756e+42
0.38	0.45	-2.14222e+42
0.38	0.5	2.19635e+42
0.38	0.55	-2.14222e+42
0.38	0.6	1.98756e+42
0.38	0.65	-1.75361e+42
0.38	0.7	1.47022e+42
0.38	0.75	-1.16912e+42
0.38	0.8	8.77523e+41
0.38	0.85	-6.13406e+41
0.38	0.9	3.83369e+41
0.38	0.95	-1.83117e+41
0.38	1	-0.00556651

0.39	0	-0.00514737
0.39	0.05	2.8153e+42
0.39	0.1	-5.86968e+42
0.39	0.15	9.33741e+42
0.39	0.2	-1.32728e+43
0.39	0.25	1.75748e+43
0.39	0.3	-2.19824e+43
0.39	0.35	2.61064e+43
0.39	0.4	-2.94962e+43
0.39	0.45	3.17312e+43
0.39	0.5	-3.25122e+43
0.39	0.55	3.17312e+43
0.39	0.6	-2.94962e+43
0.39	0.65	2.61064e+43
0.39	0.7	-2.19824e+43
0.39	0.75	1.75748e+43
0.39	0.8	-1.32728e+43
0.39	0.85	9.33741e+42
0.39	0.9	-5.86968e+42
0.39	0.95	2.8153e+42
0.39	1	-0.00514737

0.4	0	-0.00475978
0.4	0.05	-4.31858e+43
0.4	0.1	8.96986e+43
0.4	0.15	-1.41932e+44
0.4	0.2	2.00558e+44
0.4	0.25	-2.64044e+44
0.4	0.3	3.28602e+44
0.4	0.35	-3.88659e+44
0.4	0.4	4.37824e+44
0.4	0.45	-4.70152e+44
0.4	0.5	4.81435e+44
0.4	0.55	-4.70152e+44
0.4	0.6	4.37824e+44
0.4	0.65	-3.88659e+44
0.4	0.7	3.28602e+44
0.4	0.75	-2.64044e+44
0.4	0.8	2.00558e+44
0.4	0.85	-1.41932e+44
0.4	0.9	8.96986e+43
0.4	0.95	-4.31858e+43
0.4	1	-0.00475978

0.41	0	-0.00440139
0.41	0.05	6.61095e+44
0.41	0.1	-1.36836e+45
0.41	0.15	2.15455e+45
0.41	0.2	-3.02781e+45
0.41	0.25	3.96495e+45
0.41	0.3	-4.91103e+45
0.41	0.35	5.78632e+45
0.41	0.4	-6.50001e+45
0.41	0.45	6.9681e+45
0.41	0.5	-7.13126e+45
0.41	0.55	6.9681e+45
0.41	0.6	-6.50001e+45
0.41	0.65	5.78632e+45
0.41	0.7	-4.91103e+45
0.41	0.75	3.96495e+45
0.41	0.8	-3.02781e+45
0.41	0.85	2.15455e+45
0.41	0.9	-1.36836e+45
0.41	0.95	6.61095e+44
0.41	1	-0.00440139

0.42	0	-0.00406997
0.42	0.05	-1.01011e+46
0.42	0.1	2.08411e+46
0.42	0.15	-3.26665e+46
0.42	0.2	4.56727e+46
0.42	0.25	-5.951e+46
0.42	0.3	7.33822e+46
0.42	0.35	-8.61484e+46
0.42	0.4	9.65177e+46
0.42	0.45	-1.03302e+47
0.42	0.5	1.05664e+47
0.42	0.55	-1.03302e+47
0.42	0.6	9.65177e+46
0.42	0.65	-8.61484e+46
0.42	0.7	7.33822e+46
0.42	0.75	-5.951e+46
0.42	0.8	4.56727e+46
0.42	0.85	-3.26665e+46
0.42	0.9	2.08411e+46
0.42	0.95	-1.01011e+46
0.42	1	-0.00406997

0.43	0	-0.00376352
0.43	0.05	1.54072e+47
0.43	0.1	-3.16958e+47
0.43	0.15	4.94721e+47
0.43	0.2	-6.88415e+47
0.43	0.25	8.92789e+47
0.43	0.3	-1.09631e+48
0.43	0.35	1.28264e+48
0.43	0.4	-1.43342e+48
0.43	0.45	1.53184e+48
0.43	0.5	-1.56606e+48
0.43	0.55	1.53184e+48
0.43	0.6	-1.43342e+48
0.43	0.65	1.28264e+48
0.43	0.7	-1.09631e+48
0.43	0.75	8.92789e+47
0.43	0.8	-6.88415e+47
0.43	0.85	4.94721e+47
0.43	0.9	-3.16958e+47
0.43	0.95	1.54072e+47
0.43	1	-0.00376352

0.44	0	-0.00348013
0.44	0.05	-2.34634e+48
0.44	0.1	4.81388e+48
0.44	0.15	-7.48453e+48
0.44	0.2	1.03689e+49
0.44	0.25	-1.33884e+49
0.44	0.3	1.63759e+49
0.44	0.35	-1.90974e+49
0.44	0.4	2.12919e+49
0.44	0.45	-2.27208e+49
0.44	0.5	2.32171e+49
0.44	0.55	-2.27208e+49
0.44	0.6	2.12919e+49
0.44	0.65	-1.90974e+49
0.44	0.7	1.63759e+49
0.44	0.75	-1.33884e+49
0.44	0.8	1.03689e+49
0.44	0.85	-7.48453e+48
0.44	0.9	4.81388e+48
0.44	0.95	-2.34634e+48
0.44	1	-0.00348013

0.45	0	-0.00321809
0.45	0.05	3.56799e+49
0.45	0.1	-7.30206e+49
0.45	0.15	1.13123e+50
0.45	0.2	-1.56074e+50
0.45	0.25	2.00698e+50
0.45	0.3	-2.44574e+50
0.45	0.35	2.84353e+50
0.45	0.4	-3.16316e+50
0.45	0.45	3.37082e+50
0.45	0.5	-3.44286e+50
0.45	0.55	3.37082e+50
0.45	0.6	-3.16316e+50
0.45	0.65	2.84353e+50
0.45	0.7	-2.44574e+50
0.45	0.75	2.00698e+50
0.45	0.8	-1.56074e+50
0.45	0.85	1.13123e+50
0.45	0.9	-7.30206e+49
0.45	0.95	3.56799e+49
0.45	1	-0.00321809

0.46	0	-0.00297578
0.46	0.05	-5.41841e+50
0.46	0.1	1.10636e+51
0.46	0.15	-1.70824e+51
0.46	0.2	2.34781e+51
0.46	0.25	-3.00748e+51
0.46	0.3	3.65223e+51
0.46	0.35	-4.23403e+51
0.46	0.4	4.69995e+51
0.46	0.45	-5.00198e+51
0.46	0.5	5.10666e+51
0.46	0.55	-5.00198e+51
0.46	0.6	4.69995e+51
0.46	0.65	-4.23403e+51
0.46	0.7	3.65223e+51
0.46	0.75	-3.00748e+51
0.46	0.8	2.34781e+51
0.46	0.85	-1.70824e+51
0.46	0.9	1.10636e+51
0.46	0.95	-5.41841e+50
0.46	1	-0.00297578

0.47	0	-0.00275171
0.47	0.05	8.21831e+51
0.47	0.1	-1.67448e+52
0.47	0.15	2.57743e+52
0.47	0.2	-3.52975e+52
0.47	0.25	4.50525e+52
0.47	0.3	-5.45316e+52
0.47	0.35	6.30469e+52
0.47	0.4	-6.98437e+52
0.47	0.45	7.42403e+52
0.47	0.5	-7.57624e+52
0.47	0.55	7.42403e+52
0.47	0.6	-6.98437e+52
0.47	0.65	6.30469e+52
0.47	0.7	-5.45316e+52
0.47	0.75	4.50525e+52
0.47	0.8	-3.52975e+52
0.47	0.85	2.57743e+52
0.47	0.9	-1.67448e+52
0.47	0.95	8.21831e+51
0.47	1	-0.00275171

0.48	0	-0.00254451
0.48	0.05	-1.24507e+53
0.48	0.1	2.53184e+53
0.48	0.15	-3.8859e+53
0.48	0.2	5.3039e+53
0.48	0.25	-6.74684e+53
0.48	0.3	8.14119e+53
0.48	0.35	-9.3883e+53
0.48	0.4	1.03805e+54
0.48	0.45	-1.10211e+54
0.48	0.5	1.12426e+54
0.48	0.55	-1.10211e+54
0.48	0.6	1.03805e+54
0.48	0.65	-9.3883e+53
0.48	0.7	8.14119e+53
0.48	0.75	-6.74684e+53
0.48	0.8	5.3039e+53
0.48	0.85	-3.8859e+53
0.48	0.9	2.53184e+53
0.48	0.95	-1.24507e+53
0.48	1	-0.00254451

0.49	0	-0.00235292
0.49	0.05	1.88429e+54
0.49	0.1	-3.82468e+54
0.49	0.15	5.85443e+54
0.49	0.2	-7.96583e+54
0.49	0.25	1.01008e+55
0.49	0.3	-1.21529e+55
0.49	0.35	1.39805e+55
0.49	0.4	-1.54301e+55
0.49	0.45	1.6364e+55
0.49	0.5	-1.66867e+55
0.49	0.55	1.6364e+55
0.49	0.6	-1.54301e+55
0.49	0.65	1.39805e+55
0.49	0.7	-1.21529e+55
0.49	0.75	1.01008e+55
0.49	0.8	-7.96583e+54
0.49	0.85	5.85443e+54
0.49	0.9	-3.82468e+54
0.49	0.95	1.88429e+54
0.49	1	-0.00235292

0.5	0	-0.00217575
0.5	0.05	-2.84887e+55
0.5	0.1	5.77276e+55
0.5	0.15	-8.8143e+55
0.5	0.2	1.19582e+56
0.5	0.25	-1.51181e+56
0.5	0.3	1.81396e+56
0.5	0.35	-2.08196e+56
0.5	0.4	2.29389e+56
0.5	0.45	-2.43015e+56
0.5	0.5	2.47719e+56
0.5	0.55	-2.43015e+56
0.5	0.6	2.29389e+56
0.5	0.65	-2.08196e+56
0.5	0.7	1.81396e+56
0.5	0.75	-1.51181e+56
0.5	0.8	1.19582e+56
0.5	0.85	-8.8143e+55
0.5	0.9	5.77276e+55
0.5	0.95	-2.84887e+55
0.5	1	-0.00217575

0.51	0	-0.00201192
0.51	0.05	4.30332e+56
0.51	0.1	-8.7062e+56
0.51	0.15	1.32624e+57
0.51	0.2	-1.79437e+57
0.51	0.25	2.26217e+57
0.51	0.3	-2.70727e+57
0.51	0.35	3.10051e+57
0.51	0.4	-3.41057e+57
0.51	0.45	3.60954e+57
0.51	0.5	-3.67815e+57
0.51	0.55	3.60954e+57
0.51	0.6	-3.41057e+57
0.51	0.65	3.10051e+57
0.51	0.7	-2.70727e+57
0.51	0.75	2.26217e+57
0.51	0.8	-1.79437e+57
0.51	0.85	1.32624e+57
0.51	0.9	-8.7062e+56
0.51	0.95	4.30332e+56
0.51	1	-0.00201192

0.52	0	-0.00186043
0.52	0.05	-6.4948e+57
0.52	0.1	1.31206e+58
0.52	0.15	-1.99436e+58
0.52	0.2	2.69142e+58
0.52	0.25	-3.38418e+58
0.52	0.3	4.04016e+58
0.52	0.35	-4.61749e+58
0.52	0.4	5.07141e+58
0.52	0.45	-5.36216e+58
0.52	0.5	5.46234e+58
0.52	0.55	-5.36216e+58
0.52	0.6	5.07141e+58
0.52	0.65	-4.61749e+58
0.52	0.7	4.04016e+58
0.52	0.75	-3.38418e+58
0.52	0.8	2.69142e+58
0.52	0.85	-1.99436e+58
0.52	0.9	1.31206e+58
0.52	0.95	-6.4948e+57
0.52	1	-0.00186043

0.53	0	-0.00172035
0.53	0.05	9.79461e+58
0.53	0.1	-1.97598e+59
0.53	0.15	2.99745e+59
0.53	0.2	-4.03541e+59
0.53	0.25	5.06156e+59
0.53	0.3	-6.02878e+59
0.53	0.35	6.87687e+59
0.53	0.4	-7.54185e+59
0.53	0.45	7.96701e+59
0.53	0.5	-8.11336e+59
0.53	0.55	7.96701e+59
0.53	0.6	-7.54185e+59
0.53	0.65	6.87687e+59
0.53	0.7	-6.02878e+59
0.53	0.75	5.06156e+59
0.53	0.8	-4.03541e+59
0.53	0.85	2.99745e+59
0.53	0.9	-1.97598e+59
0.53	0.95	9.79461e+58
0.53	1	-0.00172035

0.54	0	-0.00159081
0.54	0.05	-1.47602e+60
0.54	0.1	2.97395e+60
0.54	0.15	-4.50277e+60
0.54	0.2	6.04839e+60
0.54	0.25	-7.56877e+60
0.54	0.3	8.99552e+60
0.54	0.35	-1.02421e+61
0.54	0.4	1.12169e+61
0.54	0.45	-1.1839e+61
0.54	0.5	1.2053e+61
0.54	0.55	-1.1839e+61
0.54	0.6	1.12169e+61
0.54	0.65	-1.02421e+61
0.54	0.7	8.99552e+60
0.54	0.75	-7.56877e+60
0.54	0.8	6.04839e+60
0.54	0.85	-4.50277e+60
0.54	0.9	2.97395e+60
0.54	0.95	-1.47602e+60
0.54	1	-0.00159081

0.55	0	-0.00147103
0.55	0.05	2.22279e+61
0.55	0.1	-4.47328e+61
0.55	0.15	6.76088e+61
0.55	0.2	-9.06249e+61
0.55	0.25	1.13157e+62
0.55	0.3	-1.34212e+62
0.55	0.35	1.52544e+62
0.55	0.4	-1.66842e+62
0.55	0.45	1.75952e+62
0.55	0.5	-1.79083e+62
0.55	0.55	1.75952e+62
0.55	0.6	-1.66842e+62
0.55	0.65	1.52544e+62
0.55	0.7	-1.34212e+62
0.55	0.75	1.13157e+62
0.55	0.8	-9.06249e+61
0.55	0.85	6.76088e+61
0.55	0.9	-4.47328e+61
0.55	0.95	2.22279e+61
0.55	1	-0.00147103

0.56	0	-0.00136026
0.56	0.05	-3.34526e+62
0.56	0.1	6.72476e+62
0.56	0.15	-1.01469e+63
0.56	0.2	1.35744e+63
0.56	0.25	-1.69145e+63
0.56	0.3	2.00229e+63
0.56	0.35	-2.27202e+63
0.56	0.4	2.48188e+63
0.56	0.45	-2.61537e+63
0.56	0.5	2.6612e+63
0.56	0.55	-2.61537e+63
0.56	0.6	2.48188e+63
0.56	0.65	-2.27202e+63
0.56	0.7	2.00229e+63
0.56	0.75	-1.69145e+63
0.56	0.8	1.35744e+63
0.56	0.85	-1.01469e+63
0.56	0.9	6.72476e+62
0.56	0.95	-3.34526e+62
0.56	1	-0.00136026

0.57	0	-0.00125784
0.57	0.05	5.03159e+63
0.57	0.1	-1.01042e+64
0.57	0.15	1.52225e+64
0.57	0.2	-2.03266e+64
0.57	0.25	2.5279e+64
0.57	0.3	-2.98699e+64
0.57	0.35	3.38408e+64
0.57	0.4	-3.69227e+64
0.57	0.45	3.88799e+64
0.57	0.5	-3.95513e+64
0.57	0.55	3.88799e+64
0.57	0.6	-3.69227e+64
0.57	0.65	3.38408e+64
0.57	0.7	-2.98699e+64
0.57	0.75	2.5279e+64
0.57	0.8	-2.03266e+64
0.57	0.85	1.52225e+64
0.57	0.9	-1.01042e+64
0.57	0.95	5.03159e+63
0.57	1	-0.00125784

0.58	0	-0.00116313
0.58	0.05	-7.5638e+64
0.58	0.1	1.51746e+65
0.58	0.15	-2.28281e+65
0.58	0.2	3.04292e+65
0.58	0.25	-3.77739e+65
0.58	0.3	4.45569e+65
0.58	0.35	-5.04056e+65
0.58	0.4	5.49342e+65
0.58	0.45	-5.78055e+65
0.58	0.5	5.87898e+65
0.58	0.55	-5.78055e+65
0.58	0.6	5.49342e+65
0.58	0.65	-5.04056e+65
0.58	0.7	4.45569e+65
0.58	0.75	-3.77739e+65
0.58	0.8	3.04292e+65
0.58	0.85	-2.28281e+65
0.58	0.9	1.51746e+65
0.58	0.95	-7.5638e+64
0.58	1	-0.00116313

0.59	0	-0.00107555
0.59	0.05	1.13645e+66
0.59	0.1	-2.2779e+66
0.59	0.15	3.42212e+66
0.59	0.2	-4.55413e+66
0.59	0.25	5.64362e+66
0.59	0.3	-6.64616e+66
0.59	0.35	7.50804e+66
0.59	0.4	-8.17384e+66
0.59	0.45	8.59535e+66
0.59	0.5	-8.73973e+66
0.59	0.55	8.59535e+66
0.59	0.6	-8.17384e+66
0.59	0.65	7.50804e+66
0.59	0.7	-6.64616e+66
0.59	0.75	5.64362e+66
0.59	0.8	-4.55413e+66
0.59	0.85	3.42212e+66
0.59	0.9	-2.2779e+66
0.59	0.95	1.13645e+66
0.59	1	-0.00107555

0.6	0	-0.000994561
0.6	0.05	-1.70667e+67
0.6	0.1	3.41795e+67
0.6	0.15	-5.12829e+67
0.6	0.2	6.81418e+67
0.6	0.25	-8.43065e+67
0.6	0.3	9.91298e+67
0.6	0.35	-1.11836e+68
0.6	0.4	1.2163e+68
0.6	0.45	-1.27822e+68
0.6	0.5	1.29941e+68
0.6	0.55	-1.27822e+68
0.6	0.6	1.2163e+68
0.6	0.65	-1.11836e+68
0.6	0.7	9.91298e+67
0.6	0.75	-8.43065e+67
0.6	0.8	6.81418e+67
0.6	0.85	-5.12829e+67
0.6	0.9	3.41795e+67
0.6	0.95	-1.70667e+67
0.6	1	-0.000994561

0.61	0	-0.000919673
0.61	0.05	2.56185e+68
0.61	0.1	-5.12655e+68
0.61	0.15	7.68266e+68
0.61	0.2	-1.01935e+69
0.61	0.25	1.25923e+69
0.61	0.3	-1.47848e+69
0.61	0.35	1.66589e+69
0.61	0.4	-1.81004e+69
0.61	0.45	1.90104e+69
0.61	0.5	-1.93216e+69
0.61	0.55	1.90104e+69
0.61	0.6	-1.81004e+69
0.61	0.65	1.66589e+69
0.61	0.7	-1.47848e+69
0.61	0.75	1.25923e+69
0.61	0.8	-1.01935e+69
0.61	0.85	7.68266e+68
0.61	0.9	-5.12655e+68
0.61	0.95	2.56185e+68
0.61	1	-0.000919673

0.62	0	-0.000850424
0.62	0.05	-3.84392e+69
0.62	0.1	7.68639e+69
0.62	0.15	-1.15059e+70
0.62	0.2	1.52454e+70
0.62	0.25	-1.88059e+70
0.62	0.3	2.20499e+70
0.62	0.35	-2.48154e+70
0.62	0.4	2.6938e+70
0.62	0.45	-2.82761e+70
0.62	0.5	2.87334e+70
0.62	0.55	-2.82761e+70
0.62	0.6	2.6938e+70
0.62	0.65	-2.48154e+70
0.62	0.7	2.20499e+70
0.62	0.75	-1.88059e+70
0.62	0.8	1.52454e+70
0.62	0.85	-1.15059e+70
0.62	0.9	7.68639e+69
0.62	0.95	-3.84392e+69
0.62	1	-0.000850424

0.63	0	-0.00078639
0.63	0.05	5.7653e+70
0.63	0.1	-1.15204e+71
0.63	0.15	1.72269e+71
0.63	0.2	-2.27965e+71
0.63	0.25	2.80823e+71
0.63	0.3	-3.28834e+71
0.63	0.35	3.69659e+71
0.63	0.4	-4.00932e+71
0.63	0.45	4.20618e+71
0.63	0.5	-4.27342e+71
0.63	0.55	4.20618e+71
0.63	0.6	-4.00932e+71
0.63	0.65	3.69659e+71
0.63	0.7	-3.28834e+71
0.63	0.75	2.80823e+71
0.63	0.8	-2.27965e+71
0.63	0.85	1.72269e+71
0.63	0.9	-1.15204e+71
0.63	0.95	5.7653e+70
0.63	1	-0.00078639

0.64	0	-0.000727177
0.64	0.05	-8.64387e+71
0.64	0.1	1.72611e+72
0.64	0.15	-2.57856e+72
0.64	0.2	3.40812e+72
0.64	0.25	-4.19296e+72
0.64	0.3	4.90377e+72
0.64	0.35	-5.50668e+72
0.64	0.4	5.96763e+72
0.64	0.45	-6.25743e+72
0.64	0.5	6.35634e+72
0.64	0.55	-6.25743e+72
0.64	0.6	5.96763e+72
0.64	0.65	-5.50668e+72
0.64	0.7	4.90377e+72
0.64	0.75	-4.19296e+72
0.64	0.8	3.40812e+72
0.64	0.85	-2.57856e+72
0.64	0.9	1.72611e+72
0.64	0.95	-8.64387e+71
0.64	1	-0.000727177

0.65	0	-0.000672423
0.65	0.05	1.29552e+73
0.65	0.1	-2.58546e+73
0.65	0.15	3.85869e+73
0.65	0.2	-5.09429e+73
0.65	0.25	6.25983e+73
0.65	0.3	-7.31249e+73
0.65	0.35	8.20324e+73
0.65	0.4	-8.88299e+73
0.65	0.45	9.30979e+73
0.65	0.5	-9.45538e+73
0.65	0.55	9.30979e+73
0.65	0.6	-8.88299e+73
0.65	0.65	8.20324e+73
0.65	0.7	-7.31249e+73
0.65	0.75	6.25983e+73
0.65	0.8	-5.09429e+73
0.65	0.85	3.85869e+73
0.65	0.9	-2.58546e+73
0.65	0.95	1.29552e+73
0.65	1	-0.000672423

0.66	0	-0.000621791
0.66	0.05	-1.94104e+74
0.66	0.1	3.8715e+74
0.66	0.15	-5.77298e+74
0.66	0.2	7.61341e+74
0.66	0.25	-9.34459e+74
0.66	0.3	1.0904e+75
0.66	0.35	-1.22205e+75
0.66	0.4	1.32233e+75
0.66	0.45	-1.38522e+75
0.66	0.5	1.40666e+75
0.66	0.55	-1.38522e+75
0.66	0.6	1.32233e+75
0.66	0.65	-1.22205e+75
0.66	0.7	1.0904e+75
0.66	0.75	-9.34459e+74
0.66	0.8	7.61341e+74
0.66	0.85	-5.77298e+74
0.66	0.9	3.8715e+74
0.66	0.95	-1.94104e+74
0.66	1	-0.000621791

0.67	0	-0.000574972
0.67	0.05	2.90733e+75
0.67	0.1	-5.79566e+75
0.67	0.15	8.63505e+75
0.67	0.2	-1.13764e+76
0.67	0.25	1.39482e+76
0.67	0.3	-1.62588e+76
0.67	0.35	1.82052e+76
0.67	0.4	-1.96854e+76
0.67	0.45	2.06125e+76
0.67	0.5	-2.09284e+76
0.67	0.55	2.06125e+76
0.67	0.6	-1.96854e+76
0.67	0.65	1.82052e+76
0.67	0.7	-1.62588e+76
0.67	0.75	1.39482e+76
0.67	0.8	-1.13764e+76
0.67	0.85	8.63505e+75
0.67	0.9	-5.79566e+75
0.67	0.95	2.90733e+75
0.67	1	-0.000574972

0.68	0	-0.000531678
0.68	0.05	-4.3534e+76
0.68	0.1	8.67391e+76
0.68	0.15	-1.29134e+77
0.68	0.2	1.69968e+77
0.68	0.25	-2.08178e+77
0.68	0.3	2.42425e+77
0.68	0.35	-2.71213e+77
0.68	0.4	2.93069e+77
0.68	0.45	-3.06742e+77
0.68	0.5	3.11399e+77
0.68	0.55	-3.06742e+77
0.68	0.6	2.93069e+77
0.68	0.65	-2.71213e+77
0.68	0.7	2.42425e+77
0.68	0.75	-2.08178e+77
0.68	0.8	1.69968e+77
0.68	0.85	-1.29134e+77
0.68	0.9	8.67391e+76
0.68	0.95	-4.3534e+76
0.68	1	-0.000531678

0.69	0	-0.000491644
0.69	0.05	6.51694e+77
0.69	0.1	-1.29784e+78
0.69	0.15	1.93076e+78
0.69	0.2	-2.53902e+78
0.69	0.25	3.10682e+78
0.69	0.3	-3.61454e+78
0.69	0.35	4.04047e+78
0.69	0.4	-4.3633e+78
0.69	0.45	4.56507e+78
0.69	0.5	-4.63373e+78
0.69	0.55	4.56507e+78
0.69	0.6	-4.3633e+78
0.69	0.65	4.04047e+78
0.69	0.7	-3.61454e+78
0.69	0.75	3.10682e+78
0.69	0.8	-2.53902e+78
0.69	0.85	1.93076e+78
0.69	0.9	-1.29784e+78
0.69	0.95	6.51694e+77
0.69	1	-0.000491644

0.7	0	-0.000454625
0.7	0.05	-9.75324e+78
0.7	0.1	1.94147e+79
0.7	0.15	-2.88628e+79
0.7	0.2	3.79235e+79
0.7	0.25	-4.6362e+79
0.7	0.3	5.38909e+79
0.7	0.35	-6.01946e+79
0.7	0.4	6.49653e+79
0.7	0.45	-6.79436e+79
0.7	0.5	6.89566e+79
0.7	0.55	-6.79436e+79
0.7	0.6	6.49653e+79
0.7	0.65	-6.01946e+79
0.7	0.7	5.38909e+79
0.7	0.75	-4.6362e+79
0.7	0.8	3.79235e+79
0.7	0.85	-2.88628e+79
0.7	0.9	1.94147e+79
0.7	0.95	-9.75324e+78
0.7	1	-0.000454625

0.71	0	-0.000420393
0.71	0.05	1.45932e+80
0.71	0.1	-2.90367e+80
0.71	0.15	4.31392e+80
0.71	0.2	-5.66363e+80
0.71	0.25	6.91791e+80
0.71	0.3	-8.03463e+80
0.71	0.35	8.96787e+80
0.71	0.4	-9.6731e+80
0.71	0.45	1.01129e+81
0.71	0.5	-1.02625e+81
0.71	0.55	1.01129e+81
0.71	0.6	-9.6731e+80
0.71	0.65	8.96787e+80
0.71	0.7	-8.03463e+80
0.71	0.75	6.91791e+80
0.71	0.8	-5.66363e+80
0.71	0.85	4.31392e+80
0.71	0.9	-2.90367e+80
0.71	0.95	1.45932e+80
0.71	1	-0.000420393

0.72	0	-0.000388739
0.72	0.05	-2.18299e+81
0.72	0.1	4.34187e+81
0.72	0.15	-6.44667e+81
0.72	0.2	8.45728e+81
0.72	0.25	-1.03218e+82
0.72	0.3	1.19786e+82
0.72	0.35	-1.33606e+82
0.72	0.4	1.44035e+82
0.72	0.45	-1.50533e+82
0.72	0.5	1.52741e+82
0.72	0.55	-1.50533e+82
0.72	0.6	1.44035e+82
0.72	0.65	-1.33606e+82
0.72	0.7	1.19786e+82
0.72	0.75	-1.03218e+82
0.72	0.8	8.45728e+81
0.72	0.85	-6.44667e+81
0.72	0.9	4.34187e+81
0.72	0.95	-2.18299e+81
0.72	1	-0.000388739

0.73	0	-0.000359468
0.73	0.05	3.26484e+82
0.73	0.1	-6.49117e+82
0.73	0.15	9.63233e+82
0.73	0.2	-1.26275e+83
0.73	0.25	1.53996e+83
0.73	0.3	-1.7858e+83
0.73	0.35	1.99052e+83
0.73	0.4	-2.1448e+83
0.73	0.45	2.24083e+83
0.73	0.5	-2.27345e+83
0.73	0.55	2.24083e+83
0.73	0.6	-2.1448e+83
0.73	0.65	1.99052e+83
0.73	0.7	-1.7858e+83
0.73	0.75	1.53996e+83
0.73	0.8	-1.26275e+83
0.73	0.85	9.63233e+82
0.73	0.9	-6.49117e+82
0.73	0.95	3.26484e+82
0.73	1	-0.000359468

0.74	0	-0.000332401
0.74	0.05	-4.88186e+83
0.74	0.1	9.70269e+83
0.74	0.15	-1.43901e+84
0.74	0.2	1.8852e+84
0.74	0.25	-2.29739e+84
0.74	0.3	2.66225e+84
0.74	0.35	-2.96561e+84
0.74	0.4	3.1939e+84
0.74	0.45	-3.33588e+84
0.74	0.5	3.38408e+84
0.74	0.55	-3.33588e+84
0.74	0.6	3.1939e+84
0.74	0.65	-2.96561e+84
0.74	0.7	2.66225e+84
0.74	0.75	-2.29739e+84
0.74	0.8	1.8852e+84
0.74	0.85	-1.43901e+84
0.74	0.9	9.70269e+83
0.74	0.95	-4.88186e+83
0.74	1	-0.000332401

0.75	0	-0.000307372
0.75	0.05	7.29838e+84
0.75	0.1	-1.45007e+85
0.75	0.15	2.1495e+85
0.75	0.2	-2.8142e+85
0.75	0.25	3.42716e+85
0.75	0.3	-3.96878e+85
0.75	0.35	4.41838e+85
0.75	0.4	-4.75632e+85
0.75	0.45	4.96631e+85
0.75	0.5	-5.03756e+85
0.75	0.55	4.96631e+85
0.75	0.6	-4.75632e+85
0.75	0.65	4.41838e+85
0.75	0.7	-3.96878e+85
0.75	0.75	3.42716e+85
0.75	0.8	-2.8142e+85
0.75	0.85	2.1495e+85
0.75	0.9	-1.45007e+85
0.75	0.95	7.29838e+84
0.75	1	-0.000307372

0.76	0	-0.000284228
0.76	0.05	-1.09091e+86
0.76	0.1	2.16678e+86
0.76	0.15	-3.21036e+86
0.76	0.2	4.2006e+86
0.76	0.25	-5.1122e+86
0.76	0.3	5.91636e+86
0.76	0.35	-6.58291e+86
0.76	0.4	7.0833e+86
0.76	0.45	-7.39397e+86
0.76	0.5	7.49934e+86
0.76	0.55	-7.39397e+86
0.76	0.6	7.0833e+86
0.76	0.65	-6.58291e+86
0.76	0.7	5.91636e+86
0.76	0.75	-5.1122e+86
0.76	0.8	4.2006e+86
0.76	0.85	-3.21036e+86
0.76	0.9	2.16678e+86
0.76	0.95	-1.09091e+86
0.76	1	-0.000284228

0.77	0	-0.000262826
0.77	0.05	1.63035e+87
0.77	0.1	-3.23725e+87
0.77	0.15	4.7942e+87
0.77	0.2	-6.26945e+87
0.77	0.25	7.62533e+87
0.77	0.3	-8.8195e+87
0.77	0.35	9.8079e+87
0.77	0.4	-1.05491e+88
0.77	0.45	1.10088e+88
0.77	0.5	-1.11647e+88
0.77	0.55	1.10088e+88
0.77	0.6	-1.05491e+88
0.77	0.65	9.8079e+87
0.77	0.7	-8.8195e+87
0.77	0.75	7.62533e+87
0.77	0.8	-6.26945e+87
0.77	0.85	4.7942e+87
0.77	0.9	-3.23725e+87
0.77	0.95	1.63035e+87
0.77	1	-0.000262826

0.78	0	-0.000243036
0.78	0.05	-2.43615e+88
0.78	0.1	4.8359e+88
0.78	0.15	-7.15862e+88
0.78	0.2	9.35642e+88
0.78	0.25	-1.13733e+89
0.78	0.3	1.31469e+89
0.78	0.35	-1.4613e+89
0.78	0.4	1.5711e+89
0.78	0.45	-1.63917e+89
0.78	0.5	1.66224e+89
0.78	0.55	-1.63917e+89
0.78	0.6	1.5711e+89
0.78	0.65	-1.4613e+89
0.78	0.7	1.31469e+89
0.78	0.75	-1.13733e+89
0.78	0.8	9.35642e+88
0.78	0.85	-7.15862e+88
0.78	0.9	4.8359e+88
0.78	0.95	-2.43615e+88
0.78	1	-0.000243036

0.79	0	-0.000224736
0.79	0.05	3.63966e+89
0.79	0.1	-7.22304e+89
0.79	0.15	1.0688e+90
0.79	0.2	-1.39623e+90
0.79	0.25	1.69627e+90
0.79	0.3	-1.95974e+90
0.79	0.35	2.17723e+90
0.79	0.4	-2.33996e+90
0.79	0.45	2.44075e+90
0.79	0.5	-2.4749e+90
0.79	0.55	2.44075e+90
0.79	0.6	-2.33996e+90
0.79	0.65	2.17723e+90
0.79	0.7	-1.95974e+90
0.79	0.75	1.69627e+90
0.79	0.8	-1.39623e+90
0.79	0.85	1.0688e+90
0.79	0.9	-7.22304e+89
0.79	0.95	3.63966e+89
0.79	1	-0.000224736

0.8	0	-0.000207814
0.8	0.05	-5.43698e+90
0.8	0.1	1.07872e+91
0.8	0.15	-1.59557e+91
0.8	0.2	2.08338e+91
0.8	0.25	-2.52977e+91
0.8	0.3	2.92121e+91
0.8	0.35	-3.24394e+91
0.8	0.4	3.48516e+91
0.8	0.45	-3.63447e+91
0.8	0.5	3.68503e+91
0.8	0.55	-3.63447e+91
0.8	0.6	3.48516e+91
0.8	0.65	-3.24394e+91
0.8	0.7	2.92121e+91
0.8	0.75	-2.52977e+91
0.8	0.8	2.08338e+91
0.8	0.85	-1.59557e+91
0.8	0.9	1.07872e+91
0.8	0.95	-5.43698e+90
0.8	1	-0.000207814

0.81	0	-0.000192166
0.81	0.05	8.12075e+91
0.81	0.1	-1.61081e+92
0.81	0.15	2.38174e+92
0.81	0.2	-3.1085e+92
0.81	0.25	3.77268e+92
0.81	0.3	-4.35433e+92
0.81	0.35	4.83331e+92
0.81	0.4	-5.19098e+92
0.81	0.45	5.41221e+92
0.81	0.5	-5.4871e+92
0.81	0.55	5.41221e+92
0.81	0.6	-5.19098e+92
0.81	0.65	4.83331e+92
0.81	0.7	-4.35433e+92
0.81	0.75	3.77268e+92
0.81	0.8	-3.1085e+92
0.81	0.85	2.38174e+92
0.81	0.9	-1.61081e+92
0.81	0.95	8.12075e+91
0.81	1	-0.000192166

0.82	0	-0.000177697
0.82	0.05	-1.21278e+93
0.82	0.1	2.40509e+93
0.82	0.15	-3.55494e+93
0.82	0.2	4.63772e+93
0.82	0.25	-5.62601e+93
0.82	0.3	6.49043e+93
0.82	0.35	-7.20144e+93
0.82	0.4	7.73189e+93
0.82	0.45	-8.05978e+93
0.82	0.5	8.17074e+93
0.82	0.55	-8.05978e+93
0.82	0.6	7.73189e+93
0.82	0.65	-7.20144e+93
0.82	0.7	6.49043e+93
0.82	0.75	-5.62601e+93
0.82	0.8	4.63772e+93
0.82	0.85	-3.55494e+93
0.82	0.9	2.40509e+93
0.82	0.95	-1.21278e+93
0.82	1	-0.000177697

0.83	0	-0.000164317
0.83	0.05	1.81098e+94
0.83	0.1	-3.59065e+94
0.83	0.15	5.30559e+94
0.83	0.2	-6.91878e+94
0.83	0.25	8.38946e+94
0.83	0.3	-9.67428e+94
0.83	0.35	1.07299e+95
0.83	0.4	-1.15168e+95
0.83	0.45	1.20029e+95
0.83	0.5	-1.21673e+95
0.83	0.55	1.20029e+95
0.83	0.6	-1.15168e+95
0.83	0.65	1.07299e+95
0.83	0.7	-9.67428e+94
0.83	0.75	8.38946e+94
0.83	0.8	-6.91878e+94
0.83	0.85	5.30559e+94
0.83	0.9	-3.59065e+94
0.83	0.95	1.81098e+94
0.83	1	-0.000164317

0.84	0	-0.000151944
0.84	0.05	-2.70395e+95
0.84	0.1	5.36008e+95
0.84	0.15	-7.91768e+95
0.84	0.2	1.03212e+96
0.84	0.25	-1.25098e+96
0.84	0.3	1.44198e+96
0.84	0.35	-1.59874e+96
0.84	0.4	1.71549e+96
0.84	0.45	-1.78757e+96
0.84	0.5	1.81195e+96
0.84	0.55	-1.78757e+96
0.84	0.6	1.71549e+96
0.84	0.65	-1.59874e+96
0.84	0.7	1.44198e+96
0.84	0.75	-1.25098e+96
0.84	0.8	1.03212e+96
0.84	0.85	-7.91768e+95
0.84	0.9	5.36008e+95
0.84	0.95	-2.70395e+95
0.84	1	-0.000151944

0.85	0	-0.000140503
0.85	0.05	4.0368e+96
0.85	0.1	-8.00071e+96
0.85	0.15	1.18149e+97
0.85	0.2	-1.53958e+97
0.85	0.25	1.86533e+97
0.85	0.3	-2.14927e+97
0.85	0.35	2.3821e+97
0.85	0.4	-2.55537e+97
0.85	0.45	2.66227e+97
0.85	0.5	-2.69842e+97
0.85	0.55	2.66227e+97
0.85	0.6	-2.55537e+97
0.85	0.65	2.3821e+97
0.85	0.7	-2.14927e+97
0.85	0.75	1.86533e+97
0.85	0.8	-1.53958e+97
0.85	0.85	1.18149e+97
0.85	0.9	-8.00071e+96
0.85	0.95	4.0368e+96
0.85	1	-0.000140503

0.86	0	-0.000129924
0.86	0.05	-6.02604e+97
0.86	0.1	1.19412e+98
0.86	0.15	-1.7629e+98
0.86	0.2	2.29643e+98
0.86	0.25	-2.78127e+98
0.86	0.3	3.20346e+98
0.86	0.35	-3.54933e+98
0.86	0.4	3.80651e+98
0.86	0.45	-3.9651e+98
0.86	0.5	4.01871e+98
0.86	0.55	-3.9651e+98
0.86	0.6	3.80651e+98
0.86	0.65	-3.54933e+98
0.86	0.7	3.20346e+98
0.86	0.75	-2.78127e+98
0.86	0.8	2.29643e+98
0.86	0.85	-1.7629e+98
0.86	0.9	1.19412e+98
0.86	0.95	-6.02604e+97
0.86	1	-0.000129924

0.87	0	-0.000120141
0.87	0.05	8.9947e+98
0.87	0.1	-1.78208e+99
0.87	0.15	2.63025e+99
0.87	0.2	-3.42517e+99
0.87	0.25	4.14685e+99
0.87	0.3	-4.77466e+99
0.87	0.35	5.28852e+99
0.87	0.4	-5.67033e+99
0.87	0.45	5.90566e+99
0.87	0.5	-5.98518e+99
0.87	0.55	5.90566e+99
0.87	0.6	-5.67033e+99
0.87	0.65	5.28852e+99
0.87	0.7	-4.77466e+99
0.87	0.75	4.14685e+99
0.87	0.8	-3.42517e+99
0.87	0.85	2.63025e+99
0.87	0.9	-1.78208e+99
0.87	0.95	8.9947e+98
0.87	1	-0.000120141

0.88	0	-0.000111095
0.88	0.05	-1.34246e+100
0.88	0.1	2.65935e+100
0.88	0.15	-3.92408e+100
0.88	0.2	5.10846e+100
0.88	0.25	-6.18273e+100
0.88	0.3	7.11641e+100
0.88	0.35	-7.87996e+100
0.88	0.4	8.4469e+100
0.88	0.45	-8.79616e+100
0.88	0.5	8.91415e+100
0.88	0.55	-8.79616e+100
0.88	0.6	8.4469e+100
0.88	0.65	-7.87996e+100
0.88	0.7	7.11641e+100
0.88	0.75	-6.18273e+100
0.88	0.8	5.10846e+100
0.88	0.85	-3.92408e+100
0.88	0.9	2.65935e+100
0.88	0.95	-1.34246e+100
0.88	1	-0.000111095

0.89	0	-0.00010273
0.89	0.05	2.00346e+101
0.89	0.1	-3.96816e+101
0.89	0.15	5.85398e+101
0.89	0.2	-7.61865e+101
0.89	0.25	9.21786e+101
0.89	0.3	-1.06066e+102
0.89	0.35	1.17413e+102
0.89	0.4	-1.25833e+102
0.89	0.45	1.31017e+102
0.89	0.5	-1.32768e+102
0.89	0.55	1.31017e+102
0.89	0.6	-1.25833e+102
0.89	0.65	1.17413e+102
0.89	0.7	-1.06066e+102
0.89	0.75	9.21786e+101
0.89	0.8	-7.61865e+101
0.89	0.85	5.85398e+101
0.89	0.9	-3.96816e+101
0.89	0.95	2.00346e+101
0.89	1	-0.00010273

0.9	0	-9.49943e-05
0.9	0.05	-2.98969e+102
0.9	0.1	5.92069e+102
0.9	0.15	-8.73251e+102
0.9	0.2	1.13618e+103
0.9	0.25	-1.37426e+103
0.9	0.3	1.58083e+103
0.9	0.35	-1.74948e+103
0.9	0.4	1.87455e+103
0.9	0.45	-1.95153e+103
0.9	0.5	1.97752e+103
0.9	0.55	-1.95153e+103
0.9	0.6	1.87455e+103
0.9	0.65	-1.74948e+103
0.9	0.7	1.58083e+103
0.9	0.75	-1.37426e+103
0.9	0.8	1.13618e+103
0.9	0.85	-8.73251e+102
0.9	0.9	5.92069e+102
0.9	0.95	-2.98969e+102
0.9	1	-9.49943e-05

0.91	0	-8.78415e-05
0.91	0.05	4.46106e+103
0.91	0.1	-8.83336e+103
0.91	0.15	1.30257e+104
0.91	0.2	-1.69433e+104
0.91	0.25	2.04878e+104
0.91	0.3	-2.35607e+104
0.91	0.35	2.60679e+104
0.91	0.4	-2.79259e+104
0.91	0.45	2.9069e+104
0.91	0.5	-2.94548e+104
0.91	0.55	2.9069e+104
0.91	0.6	-2.79259e+104
0.91	0.65	2.60679e+104
0.91	0.7	-2.35607e+104
0.91	0.75	2.04878e+104
0.91	0.8	-1.69433e+104
0.91	0.85	1.30257e+104
0.91	0.9	-8.83336e+103
0.91	0.95	4.46106e+103
0.91	1	-8.78415e-05

0.92	0	-8.12273e-05
0.92	0.05	-6.65609e+104
0.92	0.1	1.31781e+105
0.92	0.15	-1.94287e+105
0.92	0.2	2.52657e+105
0.92	0.25	-3.05431e+105
0.92	0.3	3.51148e+105
0.92	0.35	-3.88422e+105
0.92	0.4	4.16029e+105
0.92	0.45	-4.33006e+105
0.92	0.5	4.38735e+105
0.92	0.55	-4.33006e+105
0.92	0.6	4.16029e+105
0.92	0.65	-3.88422e+105
0.92	0.7	3.51148e+105
0.92	0.75	-3.05431e+105
0.92	0.8	2.52657e+105
0.92	0.85	-1.94287e+105
0.92	0.9	1.31781e+105
0.92	0.95	-6.65609e+104
0.92	1	-8.12273e-05

0.93	0	-7.51111e-05
0.93	0.05	9.93049e+105
0.93	0.1	-1.96586e+106
0.93	0.15	2.89776e+106
0.93	0.2	-3.76747e+106
0.93	0.25	4.55324e+106
0.93	0.3	-5.23345e+106
0.93	0.35	5.78766e+106
0.93	0.4	-6.19791e+106
0.93	0.45	6.4501e+106
0.93	0.5	-6.53519e+106
0.93	0.55	6.4501e+106
0.93	0.6	-6.19791e+106
0.93	0.65	5.78766e+106
0.93	0.7	-5.23345e+106
0.93	0.75	4.55324e+106
0.93	0.8	-3.76747e+106
0.93	0.85	2.89776e+106
0.93	0.9	-1.96586e+106
0.93	0.95	9.93049e+105
0.93	1	-7.51111e-05

0.94	0	-6.94554e-05
0.94	0.05	-1.48148e+107
0.94	0.1	2.93242e+107
0.94	0.15	-4.32176e+107
0.94	0.2	5.61763e+107
0.94	0.25	-6.78763e+107
0.94	0.3	7.79977e+107
0.94	0.35	-8.6239e+107
0.94	0.4	9.23364e+107
0.94	0.45	-9.60831e+107
0.94	0.5	9.73471e+107
0.94	0.55	-9.60831e+107
0.94	0.6	9.23364e+107
0.94	0.65	-8.6239e+107
0.94	0.7	7.79977e+107
0.94	0.75	-6.78763e+107
0.94	0.8	5.61763e+107
0.94	0.85	-4.32176e+107
0.94	0.9	2.93242e+107
0.94	0.95	-1.48148e+107
0.94	1	-6.94554e-05

0.95	0	-6.42256e-05
0.95	0.05	2.21e+108
0.95	0.1	-4.37399e+108
0.95	0.15	6.44526e+108
0.95	0.2	-8.3761e+108
0.95	0.25	1.01183e+109
0.95	0.3	-1.16245e+109
0.95	0.35	1.28501e+109
0.95	0.4	-1.37564e+109
0.95	0.45	1.43132e+109
0.95	0.5	-1.45009e+109
0.95	0.55	1.43132e+109
0.95	0.6	-1.37564e+109
0.95	0.65	1.28501e+109
0.95	0.7	-1.16245e+109
0.95	0.75	1.01183e+109
0.95	0.8	-8.3761e+108
0.95	0.85	6.44526e+108
0.95	0.9	-4.37399e+108
0.95	0.95	2.21e+108
0.95	1	-6.42256e-05

0.96	0	-5.93896e-05
0.96	0.05	-3.2966e+109
0.96	0.1	6.5239e+109
0.96	0.15	-9.61172e+109
0.96	0.2	1.24887e+110
0.96	0.25	-1.5083e+110
0.96	0.3	1.73245e+110
0.96	0.35	-1.91474e+110
0.96	0.4	2.04948e+110
0.96	0.45	-2.13222e+110
0.96	0.5	2.16012e+110
0.96	0.55	-2.13222e+110
0.96	0.6	2.04948e+110
0.96	0.65	-1.91474e+110
0.96	0.7	1.73245e+110
0.96	0.75	-1.5083e+110
0.96	0.8	1.24887e+110
0.96	0.85	-9.61172e+109
0.96	0.9	6.5239e+109
0.96	0.95	-3.2966e+109
0.96	1	-5.93896e-05

0.97	0	-5.49178e-05
0.97	0.05	4.91718e+110
0.97	0.1	-9.73005e+110
0.97	0.15	1.43332e+111
0.97	0.2	-1.862e+111
0.97	0.25	2.24834e+111
0.97	0.3	-2.58193e+111
0.97	0.35	2.85309e+111
0.97	0.4	-3.05342e+111
0.97	0.45	3.17639e+111
0.97	0.5	-3.21786e+111
0.97	0.55	3.17639e+111
0.97	0.6	-3.05342e+111
0.97	0.65	2.85309e+111
0.97	0.7	-2.58193e+111
0.97	0.75	2.24834e+111
0.97	0.8	-1.862e+111
0.97	0.85	1.43332e+111
0.97	0.9	-9.73005e+110
0.97	0.95	4.91718e+110
0.97	1	-5.49178e-05

0.98	0	-5.07826e-05
0.98	0.05	-7.33405e+111
0.98	0.1	1.45112e+112
0.98	0.15	-2.13733e+112
0.98	0.2	2.77606e+112
0.98	0.25	-3.35141e+112
0.98	0.3	3.84792e+112
0.98	0.35	-4.2513e+112
0.98	0.4	4.54919e+112
0.98	0.45	-4.73198e+112
0.98	0.5	4.79361e+112
0.98	0.55	-4.73198e+112
0.98	0.6	4.54919e+112
0.98	0.65	-4.2513e+112
0.98	0.7	3.84792e+112
0.98	0.75	-3.35141e+112
0.98	0.8	2.77606e+112
0.98	0.85	-2.13733e+112
0.98	0.9	1.45112e+112
0.98	0.95	-7.33405e+111
0.98	1	-5.07826e-05

0.99	0	-4.69588e-05
0.99	0.05	1.09383e+113
0.99	0.1	-2.16408e+113
0.99	0.15	3.187e+113
0.99	0.2	-4.13874e+113
0.99	0.25	4.99558e+113
0.99	0.3	-5.73463e+113
0.99	0.35	6.33476e+113
0.99	0.4	-6.77775e+113
0.99	0.45	7.04951e+113
0.99	0.5	-7.14111e+113
0.99	0.55	7.04951e+113
0.99	0.6	-6.77775e+113
0.99	0.65	6.33476e+113
0.99	0.7	-5.73463e+113
0.99	0.75	4.99558e+113
0.99	0.8	-4.13874e+113
0.99	0.85	3.187e+113
0.99	0.9	-2.16408e+113
0.99	0.95	1.09383e+113
0.99	1	-4.69588e-05

1	0	-4.3423e-05
1	0.05	-1.63131e+114
1	0.1	3.22719e+114
1	0.15	-4.75203e+114
1	0.2	6.17015e+114
1	0.25	-7.44626e+114
1	0.3	8.54638e+114
1	0.35	-9.43928e+114
1	0.4	1.00981e+115
1	0.45	-1.05022e+115
1	0.5	1.06384e+115
1	0.55	-1.05022e+115
1	0.6	1.00981e+115
1	0.65	-9.43928e+114
1	0.7	8.54638e+114
1	0.75	-7.44626e+114
1	0.8	6.17015e+114
1	0.85	-4.75203e+114
1	0.9	3.22719e+114
1	0.95	-1.63131e+114
1	1	-4.3423e-05

