# M = 101, N = 21, t_F = 1
# dx = 0.05, dt = 0.01
0	0	0
0	0.05	0.1
0	0.1	0.2
0	0.15	0.3
0	0.2	0.4
0	0.25	0.5
0	0.3	0.6
0	0.35	0.7
0	0.4	0.8
0	0.45	0.9
0	0.5	1
0	0.55	0.9
0	0.6	0.8
0	0.65	0.7
0	0.7	0.6
0	0.75	0.5
0	0.8	0.4
0	0.85	0.3
0	0.9	0.2
0	0.95	0.1
0	1	0

0.01	0	0.0600989
0.01	0.05	0.135223
0.01	0.1	0.219152
0.01	0.15	0.307869
0.01	0.2	0.398554
0.01	0.25	0.488877
0.01	0.3	0.576419
0.01	0.35	0.658065
0.01	0.4	0.729228
0.01	0.45	0.782698
0.01	0.5	0.806843
0.01	0.55	0.782698
0.01	0.6	0.729228
0.01	0.65	0.658065
0.01	0.7	0.576419
0.01	0.75	0.488877
0.01	0.8	0.398554
0.01	0.85	0.307869
0.01	0.9	0.219152
0.01	0.95	0.135223
0.01	1	0.0600989

0.02	0	0.0725879
0.02	0.05	0.148298
0.02	0.1	0.227277
0.02	0.15	0.308288
0.02	0.2	0.389403
0.02	0.25	0.46823
0.02	0.3	0.541896
0.02	0.35	0.606931
0.02	0.4	0.659183
0.02	0.45	0.693923
0.02	0.5	0.70647
0.02	0.55	0.693923
0.02	0.6	0.659183
0.02	0.65	0.606931
0.02	0.7	0.541896
0.02	0.75	0.46823
0.02	0.8	0.389403
0.02	0.85	0.308288
0.02	0.9	0.227277
0.02	0.95	0.148298
0.02	1	0.0725879

0.03	0	0.0746338
0.03	0.05	0.149779
0.03	0.1	0.225295
0.03	0.15	0.300315
0.03	0.2	0.373341
0.03	0.25	0.442352
0.03	0.3	0.504894
0.03	0.35	0.558185
0.03	0.4	0.599289
0.03	0.45	0.625421
0.03	0.5	0.634426
0.03	0.55	0.625421
0.03	0.6	0.599289
0.03	0.65	0.558185
0.03	0.7	0.504894
0.03	0.75	0.442352
0.03	0.8	0.373341
0.03	0.85	0.300315
0.03	0.9	0.225295
0.03	0.95	0.149779
0.03	1	0.0746338

0.04	0	0.0730402
0.04	0.05	0.145682
0.04	0.1	0.2173
0.04	0.15	0.286919
0.04	0.2	0.353188
0.04	0.25	0.41442
0.04	0.3	0.468669
0.04	0.35	0.513861
0.04	0.4	0.547973
0.04	0.45	0.569255
0.04	0.5	0.576497
0.04	0.55	0.569255
0.04	0.6	0.547973
0.04	0.65	0.513861
0.04	0.7	0.468669
0.04	0.75	0.41442
0.04	0.8	0.353188
0.04	0.85	0.286919
0.04	0.9	0.2173
0.04	0.95	0.145682
0.04	1	0.0730402

0.05	0	0.0698348
0.05	0.05	0.138868
0.05	0.1	0.206198
0.05	0.15	0.270753
0.05	0.2	0.331266
0.05	0.25	0.386298
0.05	0.3	0.434299
0.05	0.35	0.473709
0.05	0.4	0.50308
0.05	0.45	0.521228
0.05	0.5	0.527369
0.05	0.55	0.521228
0.05	0.6	0.50308
0.05	0.65	0.473709
0.05	0.7	0.434299
0.05	0.75	0.386298
0.05	0.8	0.331266
0.05	0.85	0.270753
0.05	0.9	0.206198
0.05	0.95	0.138868
0.05	1	0.0698348

0.06	0	0.0659058
0.06	0.05	0.130829
0.06	0.1	0.193743
0.06	0.15	0.253544
0.06	0.2	0.309042
0.06	0.25	0.358984
0.06	0.3	0.402097
0.06	0.35	0.43716
0.06	0.4	0.463085
0.06	0.45	0.479012
0.06	0.5	0.484385
0.06	0.55	0.479012
0.06	0.6	0.463085
0.06	0.65	0.43716
0.06	0.7	0.402097
0.06	0.75	0.358984
0.06	0.8	0.309042
0.06	0.85	0.253544
0.06	0.9	0.193743
0.06	0.95	0.130829
0.06	1	0.0659058

0.07	0	0.0617165
0.07	0.05	0.122386
0.07	0.1	0.180944
0.07	0.15	0.236302
0.07	0.2	0.287351
0.07	0.25	0.332976
0.07	0.3	0.372099
0.07	0.35	0.403723
0.07	0.4	0.426988
0.07	0.45	0.441229
0.07	0.5	0.446024
0.07	0.55	0.441229
0.07	0.6	0.426988
0.07	0.65	0.403723
0.07	0.7	0.372099
0.07	0.75	0.332976
0.07	0.8	0.287351
0.07	0.85	0.236302
0.07	0.9	0.180944
0.07	0.95	0.122386
0.07	1	0.0617165

0.08	0	0.0575192
0.08	0.05	0.113989
0.08	0.1	0.16836
0.08	0.15	0.219585
0.08	0.2	0.26663
0.08	0.25	0.308495
0.08	0.3	0.34424
0.08	0.35	0.37302
0.08	0.4	0.394125
0.08	0.45	0.407013
0.08	0.5	0.411348
0.08	0.55	0.407013
0.08	0.6	0.394125
0.08	0.65	0.37302
0.08	0.7	0.34424
0.08	0.75	0.308495
0.08	0.8	0.26663
0.08	0.85	0.219585
0.08	0.9	0.16836
0.08	0.95	0.113989
0.08	1	0.0575192

0.09	0	0.0534497
0.09	0.05	0.105882
0.09	0.1	0.156288
0.09	0.15	0.203675
0.09	0.2	0.247085
0.09	0.25	0.285609
0.09	0.3	0.318411
0.09	0.35	0.344756
0.09	0.4	0.364035
0.09	0.45	0.375791
0.09	0.5	0.379742
0.09	0.55	0.375791
0.09	0.6	0.364035
0.09	0.65	0.344756
0.09	0.7	0.318411
0.09	0.75	0.285609
0.09	0.8	0.247085
0.09	0.85	0.203675
0.09	0.9	0.156288
0.09	0.95	0.105882
0.09	1	0.0534497

0.1	0	0.049577
0.1	0.05	0.0981859
0.1	0.1	0.144871
0.1	0.15	0.188701
0.1	0.2	0.228789
0.1	0.25	0.264302
0.1	0.3	0.294488
0.1	0.35	0.318694
0.1	0.4	0.336384
0.1	0.45	0.347161
0.1	0.5	0.350782
0.1	0.55	0.347161
0.1	0.6	0.336384
0.1	0.65	0.318694
0.1	0.7	0.294488
0.1	0.75	0.264302
0.1	0.8	0.228789
0.1	0.85	0.188701
0.1	0.9	0.144871
0.1	0.95	0.0981859
0.1	1	0.049577

0.11	0	0.0459323
0.11	0.05	0.0909534
0.11	0.1	0.134166
0.11	0.15	0.174703
0.11	0.2	0.21174
0.11	0.25	0.244516
0.11	0.3	0.272344
0.11	0.35	0.294637
0.11	0.4	0.310916
0.11	0.45	0.320828
0.11	0.5	0.324156
0.11	0.55	0.320828
0.11	0.6	0.310916
0.11	0.65	0.294637
0.11	0.7	0.272344
0.11	0.75	0.244516
0.11	0.8	0.21174
0.11	0.85	0.174703
0.11	0.9	0.134166
0.11	0.95	0.0909534
0.11	1	0.0459323

0.12	0	0.042525
0.12	0.05	0.0841981
0.12	0.1	0.124182
0.12	0.15	0.161671
0.12	0.2	0.195901
0.12	0.25	0.226171
0.12	0.3	0.251855
0.12	0.35	0.272417
0.12	0.4	0.287424
0.12	0.45	0.296558
0.12	0.5	0.299624
0.12	0.55	0.296558
0.12	0.6	0.287424
0.12	0.65	0.272417
0.12	0.7	0.251855
0.12	0.75	0.226171
0.12	0.8	0.195901
0.12	0.85	0.161671
0.12	0.9	0.124182
0.12	0.95	0.0841981
0.12	1	0.042525

0.13	0	0.0393527
0.13	0.05	0.0779123
0.13	0.1	0.114901
0.13	0.15	0.149568
0.13	0.2	0.18121
0.13	0.25	0.20918
0.13	0.3	0.232902
0.13	0.35	0.251885
0.13	0.4	0.265735
0.13	0.45	0.274163
0.13	0.5	0.276992
0.13	0.55	0.274163
0.13	0.6	0.265735
0.13	0.65	0.251885
0.13	0.7	0.232902
0.13	0.75	0.20918
0.13	0.8	0.18121
0.13	0.85	0.149568
0.13	0.9	0.114901
0.13	0.95	0.0779123
0.13	1	0.0393527

0.14	0	0.0364068
0.14	0.05	0.0720772
0.14	0.1	0.106289
0.14	0.15	0.138347
0.14	0.2	0.167601
0.14	0.25	0.193452
0.14	0.3	0.215371
0.14	0.35	0.232907
0.14	0.4	0.245699
0.14	0.45	0.253481
0.14	0.5	0.256094
0.14	0.55	0.253481
0.14	0.6	0.245699
0.14	0.65	0.232907
0.14	0.7	0.215371
0.14	0.75	0.193452
0.14	0.8	0.167601
0.14	0.85	0.138347
0.14	0.9	0.106289
0.14	0.95	0.0720772
0.14	1	0.0364068

0.15	0	0.0336755
0.15	0.05	0.0666682
0.15	0.1	0.0983087
0.15	0.15	0.127954
0.15	0.2	0.155001
0.15	0.25	0.178898
0.15	0.3	0.199157
0.15	0.35	0.215363
0.15	0.4	0.227182
0.15	0.45	0.234373
0.15	0.5	0.236786
0.15	0.55	0.234373
0.15	0.6	0.227182
0.15	0.65	0.215363
0.15	0.7	0.199157
0.15	0.75	0.178898
0.15	0.8	0.155001
0.15	0.85	0.127954
0.15	0.9	0.0983087
0.15	0.95	0.0666682
0.15	1	0.0336755

0.16	0	0.0311457
0.16	0.05	0.0616589
0.16	0.1	0.0909197
0.16	0.15	0.118333
0.16	0.2	0.143342
0.16	0.25	0.165435
0.16	0.3	0.184163
0.16	0.35	0.199143
0.16	0.4	0.210067
0.16	0.45	0.216713
0.16	0.5	0.218943
0.16	0.55	0.216713
0.16	0.6	0.210067
0.16	0.65	0.199143
0.16	0.7	0.184163
0.16	0.75	0.165435
0.16	0.8	0.143342
0.16	0.85	0.118333
0.16	0.9	0.0909197
0.16	0.95	0.0616589
0.16	1	0.0311457

0.17	0	0.0288039
0.17	0.05	0.0570223
0.17	0.1	0.0840815
0.17	0.15	0.109431
0.17	0.2	0.132555
0.17	0.25	0.152983
0.17	0.3	0.170298
0.17	0.35	0.184146
0.17	0.4	0.194244
0.17	0.45	0.200387
0.17	0.5	0.202449
0.17	0.55	0.200387
0.17	0.6	0.194244
0.17	0.65	0.184146
0.17	0.7	0.170298
0.17	0.75	0.152983
0.17	0.8	0.132555
0.17	0.85	0.109431
0.17	0.9	0.0840815
0.17	0.95	0.0570223
0.17	1	0.0288039

0.18	0	0.026637
0.18	0.05	0.0527322
0.18	0.1	0.077755
0.18	0.15	0.101196
0.18	0.2	0.122578
0.18	0.25	0.141466
0.18	0.3	0.157475
0.18	0.35	0.170279
0.18	0.4	0.179615
0.18	0.45	0.185294
0.18	0.5	0.187201
0.18	0.55	0.185294
0.18	0.6	0.179615
0.18	0.65	0.170279
0.18	0.7	0.157475
0.18	0.75	0.141466
0.18	0.8	0.122578
0.18	0.85	0.101196
0.18	0.9	0.077755
0.18	0.95	0.0527322
0.18	1	0.026637

0.19	0	0.0246324
0.19	0.05	0.0487637
0.19	0.1	0.0719029
0.19	0.15	0.093579
0.19	0.2	0.113351
0.19	0.25	0.130816
0.19	0.3	0.145618
0.19	0.35	0.157456
0.19	0.4	0.166089
0.19	0.45	0.17134
0.19	0.5	0.173102
0.19	0.55	0.17134
0.19	0.6	0.166089
0.19	0.65	0.157456
0.19	0.7	0.145618
0.19	0.75	0.130816
0.19	0.8	0.113351
0.19	0.85	0.093579
0.19	0.9	0.0719029
0.19	0.95	0.0487637
0.19	1	0.0246324

0.2	0	0.0227783
0.2	0.05	0.0450931
0.2	0.1	0.0664903
0.2	0.15	0.0865344
0.2	0.2	0.104817
0.2	0.25	0.120967
0.2	0.3	0.134654
0.2	0.35	0.1456
0.2	0.4	0.153582
0.2	0.45	0.158437
0.2	0.5	0.160066
0.2	0.55	0.158437
0.2	0.6	0.153582
0.2	0.65	0.1456
0.2	0.7	0.134654
0.2	0.75	0.120967
0.2	0.8	0.104817
0.2	0.85	0.0865344
0.2	0.9	0.0664903
0.2	0.95	0.0450931
0.2	1	0.0227783

0.21	0	0.0210636
0.21	0.05	0.0416985
0.21	0.1	0.0614847
0.21	0.15	0.0800195
0.21	0.2	0.0969256
0.21	0.25	0.111859
0.21	0.3	0.124515
0.21	0.35	0.134636
0.21	0.4	0.142017
0.21	0.45	0.146506
0.21	0.5	0.148013
0.21	0.55	0.146506
0.21	0.6	0.142017
0.21	0.65	0.134636
0.21	0.7	0.124515
0.21	0.75	0.111859
0.21	0.8	0.0969256
0.21	0.85	0.0800195
0.21	0.9	0.0614847
0.21	0.95	0.0416985
0.21	1	0.0210636

0.22	0	0.0194778
0.22	0.05	0.0385591
0.22	0.1	0.0568556
0.22	0.15	0.0739948
0.22	0.2	0.0896278
0.22	0.25	0.103436
0.22	0.3	0.115139
0.22	0.35	0.124498
0.22	0.4	0.131323
0.22	0.45	0.135474
0.22	0.5	0.136867
0.22	0.55	0.135474
0.22	0.6	0.131323
0.22	0.65	0.124498
0.22	0.7	0.115139
0.22	0.75	0.103436
0.22	0.8	0.0896278
0.22	0.85	0.0739948
0.22	0.9	0.0568556
0.22	0.95	0.0385591
0.22	1	0.0194778

0.23	0	0.0180113
0.23	0.05	0.0356559
0.23	0.1	0.0525748
0.23	0.15	0.0684235
0.23	0.2	0.0828793
0.23	0.25	0.0956481
0.23	0.3	0.10647
0.23	0.35	0.115124
0.23	0.4	0.121435
0.23	0.45	0.125273
0.23	0.5	0.126561
0.23	0.55	0.125273
0.23	0.6	0.121435
0.23	0.65	0.115124
0.23	0.7	0.10647
0.23	0.75	0.0956481
0.23	0.8	0.0828793
0.23	0.85	0.0684235
0.23	0.9	0.0525748
0.23	0.95	0.0356559
0.23	1	0.0180113

0.24	0	0.0166552
0.24	0.05	0.0329713
0.24	0.1	0.0486162
0.24	0.15	0.0632716
0.24	0.2	0.0766389
0.24	0.25	0.0884462
0.24	0.3	0.0984529
0.24	0.35	0.106455
0.24	0.4	0.112291
0.24	0.45	0.11584
0.24	0.5	0.117032
0.24	0.55	0.11584
0.24	0.6	0.112291
0.24	0.65	0.106455
0.24	0.7	0.0984529
0.24	0.75	0.0884462
0.24	0.8	0.0766389
0.24	0.85	0.0632716
0.24	0.9	0.0486162
0.24	0.95	0.0329713
0.24	1	0.0166552

0.25	0	0.0154011
0.25	0.05	0.0304887
0.25	0.1	0.0449557
0.25	0.15	0.0585075
0.25	0.2	0.0708683
0.25	0.25	0.0817865
0.25	0.3	0.0910397
0.25	0.35	0.0984396
0.25	0.4	0.103836
0.25	0.45	0.107118
0.25	0.5	0.108219
0.25	0.55	0.107118
0.25	0.6	0.103836
0.25	0.65	0.0984396
0.25	0.7	0.0910397
0.25	0.75	0.0817865
0.25	0.8	0.0708683
0.25	0.85	0.0585075
0.25	0.9	0.0449557
0.25	0.95	0.0304887
0.25	1	0.0154011

0.26	0	0.0142415
0.26	0.05	0.0281931
0.26	0.1	0.0415707
0.26	0.15	0.0541021
0.26	0.2	0.0655322
0.26	0.25	0.0756282
0.26	0.3	0.0841847
0.26	0.35	0.0910274
0.26	0.4	0.096017
0.26	0.45	0.0990521
0.26	0.5	0.100071
0.26	0.55	0.0990521
0.26	0.6	0.096017
0.26	0.65	0.0910274
0.26	0.7	0.0841847
0.26	0.75	0.0756282
0.26	0.8	0.0655322
0.26	0.85	0.0541021
0.26	0.9	0.0415707
0.26	0.95	0.0281931
0.26	1	0.0142415

0.27	0	0.0131692
0.27	0.05	0.0260702
0.27	0.1	0.0384406
0.27	0.15	0.0500284
0.27	0.2	0.0605978
0.27	0.25	0.0699336
0.27	0.3	0.0778458
0.27	0.35	0.0841733
0.27	0.4	0.0887872
0.27	0.45	0.0915937
0.27	0.5	0.0925356
0.27	0.55	0.0915937
0.27	0.6	0.0887872
0.27	0.65	0.0841733
0.27	0.7	0.0778458
0.27	0.75	0.0699336
0.27	0.8	0.0605978
0.27	0.85	0.0500284
0.27	0.9	0.0384406
0.27	0.95	0.0260702
0.27	1	0.0131692

0.28	0	0.0121776
0.28	0.05	0.0241072
0.28	0.1	0.0355461
0.28	0.15	0.0462614
0.28	0.2	0.056035
0.28	0.25	0.0646679
0.28	0.3	0.0719843
0.28	0.35	0.0778353
0.28	0.4	0.0821018
0.28	0.45	0.0846969
0.28	0.5	0.0855679
0.28	0.55	0.0846969
0.28	0.6	0.0821018
0.28	0.65	0.0778353
0.28	0.7	0.0719843
0.28	0.75	0.0646679
0.28	0.8	0.056035
0.28	0.85	0.0462614
0.28	0.9	0.0355461
0.28	0.95	0.0241072
0.28	1	0.0121776

0.29	0	0.0112606
0.29	0.05	0.022292
0.29	0.1	0.0328696
0.29	0.15	0.0427781
0.29	0.2	0.0518157
0.29	0.25	0.0597986
0.29	0.3	0.066564
0.29	0.35	0.0719745
0.29	0.4	0.0759197
0.29	0.45	0.0783195
0.29	0.5	0.0791249
0.29	0.55	0.0783195
0.29	0.6	0.0759197
0.29	0.65	0.0719745
0.29	0.7	0.066564
0.29	0.75	0.0597986
0.29	0.8	0.0518157
0.29	0.85	0.0427781
0.29	0.9	0.0328696
0.29	0.95	0.022292
0.29	1	0.0112606

0.3	0	0.0104127
0.3	0.05	0.0206135
0.3	0.1	0.0303946
0.3	0.15	0.039557
0.3	0.2	0.0479142
0.3	0.25	0.0552959
0.3	0.3	0.061552
0.3	0.35	0.066555
0.3	0.4	0.0702032
0.3	0.45	0.0724222
0.3	0.5	0.073167
0.3	0.55	0.0724222
0.3	0.6	0.0702032
0.3	0.65	0.066555
0.3	0.7	0.061552
0.3	0.75	0.0552959
0.3	0.8	0.0479142
0.3	0.85	0.039557
0.3	0.9	0.0303946
0.3	0.95	0.0206135
0.3	1	0.0104127

0.31	0	0.00962869
0.31	0.05	0.0190614
0.31	0.1	0.028106
0.31	0.15	0.0365785
0.31	0.2	0.0443064
0.31	0.25	0.0511323
0.31	0.3	0.0569173
0.31	0.35	0.0615436
0.31	0.4	0.0649171
0.31	0.45	0.0669691
0.31	0.5	0.0676577
0.31	0.55	0.0669691
0.31	0.6	0.0649171
0.31	0.65	0.0615436
0.31	0.7	0.0569173
0.31	0.75	0.0511323
0.31	0.8	0.0443064
0.31	0.85	0.0365785
0.31	0.9	0.028106
0.31	0.95	0.0190614
0.31	1	0.00962869

0.32	0	0.00890368
0.32	0.05	0.0176261
0.32	0.1	0.0259897
0.32	0.15	0.0338243
0.32	0.2	0.0409702
0.32	0.25	0.0472822
0.32	0.3	0.0526316
0.32	0.35	0.0569096
0.32	0.4	0.060029
0.32	0.45	0.0619265
0.32	0.5	0.0625633
0.32	0.55	0.0619265
0.32	0.6	0.060029
0.32	0.65	0.0569096
0.32	0.7	0.0526316
0.32	0.75	0.0472822
0.32	0.8	0.0409702
0.32	0.85	0.0338243
0.32	0.9	0.0259897
0.32	0.95	0.0176261
0.32	1	0.00890368

0.33	0	0.00823326
0.33	0.05	0.0162989
0.33	0.1	0.0240328
0.33	0.15	0.0312774
0.33	0.2	0.0378853
0.33	0.25	0.043722
0.33	0.3	0.0486686
0.33	0.35	0.0526244
0.33	0.4	0.055509
0.33	0.45	0.0572636
0.33	0.5	0.0578524
0.33	0.55	0.0572636
0.33	0.6	0.055509
0.33	0.65	0.0526244
0.33	0.7	0.0486686
0.33	0.75	0.043722
0.33	0.8	0.0378853
0.33	0.85	0.0312774
0.33	0.9	0.0240328
0.33	0.95	0.0162989
0.33	1	0.00823326

0.34	0	0.00761332
0.34	0.05	0.0150717
0.34	0.1	0.0222232
0.34	0.15	0.0289223
0.34	0.2	0.0350326
0.34	0.25	0.0404298
0.34	0.3	0.045004
0.34	0.35	0.048662
0.34	0.4	0.0513293
0.34	0.45	0.0529518
0.34	0.5	0.0534963
0.34	0.55	0.0529518
0.34	0.6	0.0513293
0.34	0.65	0.048662
0.34	0.7	0.045004
0.34	0.75	0.0404298
0.34	0.8	0.0350326
0.34	0.85	0.0289223
0.34	0.9	0.0222232
0.34	0.95	0.0150717
0.34	1	0.00761332

0.35	0	0.00704006
0.35	0.05	0.0139368
0.35	0.1	0.0205498
0.35	0.15	0.0267445
0.35	0.2	0.0323948
0.35	0.25	0.0373856
0.35	0.3	0.0416153
0.35	0.35	0.0449979
0.35	0.4	0.0474644
0.35	0.45	0.0489647
0.35	0.5	0.0494682
0.35	0.55	0.0489647
0.35	0.6	0.0474644
0.35	0.65	0.0449979
0.35	0.7	0.0416153
0.35	0.75	0.0373856
0.35	0.8	0.0323948
0.35	0.85	0.0267445
0.35	0.9	0.0205498
0.35	0.95	0.0139368
0.35	1	0.00704006

0.36	0	0.00650996
0.36	0.05	0.0128874
0.36	0.1	0.0190025
0.36	0.15	0.0247307
0.36	0.2	0.0299555
0.36	0.25	0.0345705
0.36	0.3	0.0384818
0.36	0.35	0.0416096
0.36	0.4	0.0438905
0.36	0.45	0.0452778
0.36	0.5	0.0457434
0.36	0.55	0.0452778
0.36	0.6	0.0438905
0.36	0.65	0.0416096
0.36	0.7	0.0384818
0.36	0.75	0.0345705
0.36	0.8	0.0299555
0.36	0.85	0.0247307
0.36	0.9	0.0190025
0.36	0.95	0.0128874
0.36	1	0.00650996

0.37	0	0.00601978
0.37	0.05	0.011917
0.37	0.1	0.0175717
0.37	0.15	0.0228686
0.37	0.2	0.0277
0.37	0.25	0.0319675
0.37	0.3	0.0355842
0.37	0.35	0.0384766
0.37	0.4	0.0405856
0.37	0.45	0.0418685
0.37	0.5	0.042299
0.37	0.55	0.0418685
0.37	0.6	0.0405856
0.37	0.65	0.0384766
0.37	0.7	0.0355842
0.37	0.75	0.0319675
0.37	0.8	0.0277
0.37	0.85	0.0228686
0.37	0.9	0.0175717
0.37	0.95	0.011917
0.37	1	0.00601978

0.38	0	0.00556651
0.38	0.05	0.0110197
0.38	0.1	0.0162486
0.38	0.15	0.0211466
0.38	0.2	0.0256142
0.38	0.25	0.0295604
0.38	0.3	0.0329048
0.38	0.35	0.0355794
0.38	0.4	0.0375296
0.38	0.45	0.0387159
0.38	0.5	0.039114
0.38	0.55	0.0387159
0.38	0.6	0.0375296
0.38	0.65	0.0355794
0.38	0.7	0.0329048
0.38	0.75	0.0295604
0.38	0.8	0.0256142
0.38	0.85	0.0211466
0.38	0.9	0.0162486
0.38	0.95	0.0110197
0.38	1	0.00556651

0.39	0	0.00514737
0.39	0.05	0.0101899
0.39	0.1	0.0150251
0.39	0.15	0.0195544
0.39	0.2	0.0236856
0.39	0.25	0.0273346
0.39	0.3	0.0304272
0.39	0.35	0.0329004
0.39	0.4	0.0347038
0.39	0.45	0.0358007
0.39	0.5	0.0361689
0.39	0.55	0.0358007
0.39	0.6	0.0347038
0.39	0.65	0.0329004
0.39	0.7	0.0304272
0.39	0.75	0.0273346
0.39	0.8	0.0236856
0.39	0.85	0.0195544
0.39	0.9	0.0150251
0.39	0.95	0.0101899
0.39	1	0.00514737

0.4	0	0.00475978
0.4	0.05	0.00942267
0.4	0.1	0.0138937
0.4	0.15	0.018082
0.4	0.2	0.0219021
0.4	0.25	0.0252764
0.4	0.3	0.0281361
0.4	0.35	0.0304231
0.4	0.4	0.0320907
0.4	0.45	0.033105
0.4	0.5	0.0334455
0.4	0.55	0.033105
0.4	0.6	0.0320907
0.4	0.65	0.0304231
0.4	0.7	0.0281361
0.4	0.75	0.0252764
0.4	0.8	0.0219021
0.4	0.85	0.018082
0.4	0.9	0.0138937
0.4	0.95	0.00942267
0.4	1	0.00475978

0.41	0	0.00440139
0.41	0.05	0.00871317
0.41	0.1	0.0128476
0.41	0.15	0.0167205
0.41	0.2	0.0202529
0.41	0.25	0.0233731
0.41	0.3	0.0260175
0.41	0.35	0.0281323
0.41	0.4	0.0296743
0.41	0.45	0.0306123
0.41	0.5	0.0309271
0.41	0.55	0.0306123
0.41	0.6	0.0296743
0.41	0.65	0.0281323
0.41	0.7	0.0260175
0.41	0.75	0.0233731
0.41	0.8	0.0202529
0.41	0.85	0.0167205
0.41	0.9	0.0128476
0.41	0.95	0.00871317
0.41	1	0.00440139

0.42	0	0.00406997
0.42	0.05	0.0080571
0.42	0.1	0.0118802
0.42	0.15	0.0154615
0.42	0.2	0.018728
0.42	0.25	0.0216132
0.42	0.3	0.0240585
0.42	0.35	0.026014
0.42	0.4	0.0274399
0.42	0.45	0.0283073
0.42	0.5	0.0285984
0.42	0.55	0.0283073
0.42	0.6	0.0274399
0.42	0.65	0.026014
0.42	0.7	0.0240585
0.42	0.75	0.0216132
0.42	0.8	0.018728
0.42	0.85	0.0154615
0.42	0.9	0.0118802
0.42	0.95	0.0080571
0.42	1	0.00406997

0.43	0	0.00376352
0.43	0.05	0.00745042
0.43	0.1	0.0109857
0.43	0.15	0.0142973
0.43	0.2	0.0173178
0.43	0.25	0.0199858
0.43	0.3	0.022247
0.43	0.35	0.0240552
0.43	0.4	0.0253738
0.43	0.45	0.0261758
0.43	0.5	0.026445
0.43	0.55	0.0261758
0.43	0.6	0.0253738
0.43	0.65	0.0240552
0.43	0.7	0.022247
0.43	0.75	0.0199858
0.43	0.8	0.0173178
0.43	0.85	0.0142973
0.43	0.9	0.0109857
0.43	0.95	0.00745042
0.43	1	0.00376352

0.44	0	0.00348013
0.44	0.05	0.00688942
0.44	0.1	0.0101585
0.44	0.15	0.0132207
0.44	0.2	0.0160138
0.44	0.25	0.0184809
0.44	0.3	0.0205718
0.44	0.35	0.0222439
0.44	0.4	0.0234632
0.44	0.45	0.0242049
0.44	0.5	0.0244538
0.44	0.55	0.0242049
0.44	0.6	0.0234632
0.44	0.65	0.0222439
0.44	0.7	0.0205718
0.44	0.75	0.0184809
0.44	0.8	0.0160138
0.44	0.85	0.0132207
0.44	0.9	0.0101585
0.44	0.95	0.00688942
0.44	1	0.00348013

0.45	0	0.00321809
0.45	0.05	0.00637067
0.45	0.1	0.00939356
0.45	0.15	0.0122252
0.45	0.2	0.014808
0.45	0.25	0.0170894
0.45	0.3	0.0190228
0.45	0.35	0.020569
0.45	0.4	0.0216965
0.45	0.45	0.0223823
0.45	0.5	0.0226125
0.45	0.55	0.0223823
0.45	0.6	0.0216965
0.45	0.65	0.020569
0.45	0.7	0.0190228
0.45	0.75	0.0170894
0.45	0.8	0.014808
0.45	0.85	0.0122252
0.45	0.9	0.00939356
0.45	0.95	0.00637067
0.45	1	0.00321809

0.46	0	0.00297578
0.46	0.05	0.00589098
0.46	0.1	0.00868625
0.46	0.15	0.0113047
0.46	0.2	0.013693
0.46	0.25	0.0158026
0.46	0.3	0.0175905
0.46	0.35	0.0190202
0.46	0.4	0.0200628
0.46	0.45	0.020697
0.46	0.5	0.0209098
0.46	0.55	0.020697
0.46	0.6	0.0200628
0.46	0.65	0.0190202
0.46	0.7	0.0175905
0.46	0.75	0.0158026
0.46	0.8	0.013693
0.46	0.85	0.0113047
0.46	0.9	0.00868625
0.46	0.95	0.00589098
0.46	1	0.00297578

0.47	0	0.00275171
0.47	0.05	0.0054474
0.47	0.1	0.0080322
0.47	0.15	0.0104535
0.47	0.2	0.012662
0.47	0.25	0.0146127
0.47	0.3	0.0162659
0.47	0.35	0.0175881
0.47	0.4	0.0185522
0.47	0.45	0.0191386
0.47	0.5	0.0193354
0.47	0.55	0.0191386
0.47	0.6	0.0185522
0.47	0.65	0.0175881
0.47	0.7	0.0162659
0.47	0.75	0.0146127
0.47	0.8	0.012662
0.47	0.85	0.0104535
0.47	0.9	0.0080322
0.47	0.95	0.0054474
0.47	1	0.00275171

0.48	0	0.00254451
0.48	0.05	0.00503723
0.48	0.1	0.0074274
0.48	0.15	0.00966637
0.48	0.2	0.0117086
0.48	0.25	0.0135124
0.48	0.3	0.0150412
0.48	0.35	0.0162637
0.48	0.4	0.0171552
0.48	0.45	0.0176975
0.48	0.5	0.0178795
0.48	0.55	0.0176975
0.48	0.6	0.0171552
0.48	0.65	0.0162637
0.48	0.7	0.0150412
0.48	0.75	0.0135124
0.48	0.8	0.0117086
0.48	0.85	0.00966637
0.48	0.9	0.0074274
0.48	0.95	0.00503723
0.48	1	0.00254451

0.49	0	0.00235292
0.49	0.05	0.00465794
0.49	0.1	0.00686814
0.49	0.15	0.00893852
0.49	0.2	0.0108269
0.49	0.25	0.012495
0.49	0.3	0.0139086
0.49	0.35	0.0150391
0.49	0.4	0.0158635
0.49	0.45	0.0163649
0.49	0.5	0.0165332
0.49	0.55	0.0163649
0.49	0.6	0.0158635
0.49	0.65	0.0150391
0.49	0.7	0.0139086
0.49	0.75	0.012495
0.49	0.8	0.0108269
0.49	0.85	0.00893852
0.49	0.9	0.00686814
0.49	0.95	0.00465794
0.49	1	0.00235292

0.5	0	0.00217575
0.5	0.05	0.00430721
0.5	0.1	0.00635099
0.5	0.15	0.00826548
0.5	0.2	0.0100117
0.5	0.25	0.0115541
0.5	0.3	0.0128613
0.5	0.35	0.0139067
0.5	0.4	0.014669
0.5	0.45	0.0151327
0.5	0.5	0.0152883
0.5	0.55	0.0151327
0.5	0.6	0.014669
0.5	0.65	0.0139067
0.5	0.7	0.0128613
0.5	0.75	0.0115541
0.5	0.8	0.0100117
0.5	0.85	0.00826548
0.5	0.9	0.00635099
0.5	0.95	0.00430721
0.5	1	0.00217575

0.51	0	0.00201192
0.51	0.05	0.00398289
0.51	0.1	0.00587278
0.51	0.15	0.00764311
0.51	0.2	0.00925785
0.51	0.25	0.0106841
0.51	0.3	0.0118929
0.51	0.35	0.0128596
0.51	0.4	0.0135645
0.51	0.45	0.0139932
0.51	0.5	0.0141371
0.51	0.55	0.0139932
0.51	0.6	0.0135645
0.51	0.65	0.0128596
0.51	0.7	0.0118929
0.51	0.75	0.0106841
0.51	0.8	0.00925785
0.51	0.85	0.00764311
0.51	0.9	0.00587278
0.51	0.95	0.00398289
0.51	1	0.00201192

0.52	0	0.00186043
0.52	0.05	0.00368299
0.52	0.1	0.00543057
0.52	0.15	0.00706761
0.52	0.2	0.00856076
0.52	0.25	0.00987965
0.52	0.3	0.0109974
0.52	0.35	0.0118913
0.52	0.4	0.0125431
0.52	0.45	0.0129396
0.52	0.5	0.0130726
0.52	0.55	0.0129396
0.52	0.6	0.0125431
0.52	0.65	0.0118913
0.52	0.7	0.0109974
0.52	0.75	0.00987965
0.52	0.8	0.00856076
0.52	0.85	0.00706761
0.52	0.9	0.00543057
0.52	0.95	0.00368299
0.52	1	0.00186043

0.53	0	0.00172035
0.53	0.05	0.00340567
0.53	0.1	0.00502167
0.53	0.15	0.00653544
0.53	0.2	0.00791616
0.53	0.25	0.00913574
0.53	0.3	0.0101693
0.53	0.35	0.0109959
0.53	0.4	0.0115987
0.53	0.45	0.0119653
0.53	0.5	0.0120883
0.53	0.55	0.0119653
0.53	0.6	0.0115987
0.53	0.65	0.0109959
0.53	0.7	0.0101693
0.53	0.75	0.00913574
0.53	0.8	0.00791616
0.53	0.85	0.00653544
0.53	0.9	0.00502167
0.53	0.95	0.00340567
0.53	1	0.00172035

0.54	0	0.00159081
0.54	0.05	0.00314923
0.54	0.1	0.00464355
0.54	0.15	0.00604334
0.54	0.2	0.0073201
0.54	0.25	0.00844784
0.54	0.3	0.00940361
0.54	0.35	0.010168
0.54	0.4	0.0107253
0.54	0.45	0.0110643
0.54	0.5	0.0111781
0.54	0.55	0.0110643
0.54	0.6	0.0107253
0.54	0.65	0.010168
0.54	0.7	0.00940361
0.54	0.75	0.00844784
0.54	0.8	0.0073201
0.54	0.85	0.00604334
0.54	0.9	0.00464355
0.54	0.95	0.00314923
0.54	1	0.00159081

0.55	0	0.00147103
0.55	0.05	0.00291211
0.55	0.1	0.0042939
0.55	0.15	0.00558829
0.55	0.2	0.00676892
0.55	0.25	0.00781174
0.55	0.3	0.00869555
0.55	0.35	0.00940234
0.55	0.4	0.00991772
0.55	0.45	0.0102312
0.55	0.5	0.0103364
0.55	0.55	0.0102312
0.55	0.6	0.00991772
0.55	0.65	0.00940234
0.55	0.7	0.00869555
0.55	0.75	0.00781174
0.55	0.8	0.00676892
0.55	0.85	0.00558829
0.55	0.9	0.0042939
0.55	0.95	0.00291211
0.55	1	0.00147103

0.56	0	0.00136026
0.56	0.05	0.00269283
0.56	0.1	0.00397059
0.56	0.15	0.00516751
0.56	0.2	0.00625924
0.56	0.25	0.00722354
0.56	0.3	0.0080408
0.56	0.35	0.00869437
0.56	0.4	0.00917095
0.56	0.45	0.00946083
0.56	0.5	0.00955812
0.56	0.55	0.00946083
0.56	0.6	0.00917095
0.56	0.65	0.00869437
0.56	0.7	0.0080408
0.56	0.75	0.00722354
0.56	0.8	0.00625924
0.56	0.85	0.00516751
0.56	0.9	0.00397059
0.56	0.95	0.00269283
0.56	1	0.00136026

0.57	0	0.00125784
0.57	0.05	0.00249007
0.57	0.1	0.00367161
0.57	0.15	0.00477841
0.57	0.2	0.00578793
0.57	0.25	0.00667963
0.57	0.3	0.00743535
0.57	0.35	0.00803971
0.57	0.4	0.0084804
0.57	0.45	0.00874846
0.57	0.5	0.00883842
0.57	0.55	0.00874846
0.57	0.6	0.0084804
0.57	0.65	0.00803971
0.57	0.7	0.00743535
0.57	0.75	0.00667963
0.57	0.8	0.00578793
0.57	0.85	0.00477841
0.57	0.9	0.00367161
0.57	0.95	0.00249007
0.57	1	0.00125784

0.58	0	0.00116313
0.58	0.05	0.00230257
0.58	0.1	0.00339515
0.58	0.15	0.00441861
0.58	0.2	0.00535212
0.58	0.25	0.00617667
0.58	0.3	0.00687549
0.58	0.35	0.00743434
0.58	0.4	0.00784185
0.58	0.45	0.00808972
0.58	0.5	0.00817291
0.58	0.55	0.00808972
0.58	0.6	0.00784185
0.58	0.65	0.00743434
0.58	0.7	0.00687549
0.58	0.75	0.00617667
0.58	0.8	0.00535212
0.58	0.85	0.00441861
0.58	0.9	0.00339515
0.58	0.95	0.00230257
0.58	1	0.00116313

0.59	0	0.00107555
0.59	0.05	0.0021292
0.59	0.1	0.0031395
0.59	0.15	0.0040859
0.59	0.2	0.00494912
0.59	0.25	0.00571159
0.59	0.3	0.00635779
0.59	0.35	0.00687456
0.59	0.4	0.00725138
0.59	0.45	0.00748059
0.59	0.5	0.00755751
0.59	0.55	0.00748059
0.59	0.6	0.00725138
0.59	0.65	0.00687456
0.59	0.7	0.00635779
0.59	0.75	0.00571159
0.59	0.8	0.00494912
0.59	0.85	0.0040859
0.59	0.9	0.0031395
0.59	0.95	0.0021292
0.59	1	0.00107555

0.6	0	0.000994561
0.6	0.05	0.00196888
0.6	0.1	0.00290311
0.6	0.15	0.00377824
0.6	0.2	0.00457646
0.6	0.25	0.00528152
0.6	0.3	0.00587906
0.6	0.35	0.00635692
0.6	0.4	0.00670537
0.6	0.45	0.00691732
0.6	0.5	0.00698845
0.6	0.55	0.00691732
0.6	0.6	0.00670537
0.6	0.65	0.00635692
0.6	0.7	0.00587906
0.6	0.75	0.00528152
0.6	0.8	0.00457646
0.6	0.85	0.00377824
0.6	0.9	0.00290311
0.6	0.95	0.00196888
0.6	1	0.000994561

0.61	0	0.000919673
0.61	0.05	0.00182062
0.61	0.1	0.00268451
0.61	0.15	0.00349375
0.61	0.2	0.00423187
0.61	0.25	0.00488384
0.61	0.3	0.00543639
0.61	0.35	0.00587826
0.61	0.4	0.00620048
0.61	0.45	0.00639647
0.61	0.5	0.00646224
0.61	0.55	0.00639647
0.61	0.6	0.00620048
0.61	0.65	0.00587826
0.61	0.7	0.00543639
0.61	0.75	0.00488384
0.61	0.8	0.00423187
0.61	0.85	0.00349375
0.61	0.9	0.00268451
0.61	0.95	0.00182062
0.61	1	0.000919673

0.62	0	0.000850424
0.62	0.05	0.00168354
0.62	0.1	0.00248238
0.62	0.15	0.00323068
0.62	0.2	0.00391322
0.62	0.25	0.0045161
0.62	0.3	0.00502704
0.62	0.35	0.00543565
0.62	0.4	0.0057336
0.62	0.45	0.00591483
0.62	0.5	0.00597566
0.62	0.55	0.00591483
0.62	0.6	0.0057336
0.62	0.65	0.00543565
0.62	0.7	0.00502704
0.62	0.75	0.0045161
0.62	0.8	0.00391322
0.62	0.85	0.00323068
0.62	0.9	0.00248238
0.62	0.95	0.00168354
0.62	1	0.000850424

0.63	0	0.00078639
0.63	0.05	0.00155677
0.63	0.1	0.00229546
0.63	0.15	0.00298742
0.63	0.2	0.00361857
0.63	0.25	0.00417605
0.63	0.3	0.00464852
0.63	0.35	0.00502636
0.63	0.4	0.00530188
0.63	0.45	0.00546946
0.63	0.5	0.00552571
0.63	0.55	0.00546946
0.63	0.6	0.00530188
0.63	0.65	0.00502636
0.63	0.7	0.00464852
0.63	0.75	0.00417605
0.63	0.8	0.00361857
0.63	0.85	0.00298742
0.63	0.9	0.00229546
0.63	0.95	0.00155677
0.63	1	0.00078639

0.64	0	0.000727177
0.64	0.05	0.00143955
0.64	0.1	0.00212262
0.64	0.15	0.00276248
0.64	0.2	0.0033461
0.64	0.25	0.00386161
0.64	0.3	0.0042985
0.64	0.35	0.00464789
0.64	0.4	0.00490266
0.64	0.45	0.00505763
0.64	0.5	0.00510964
0.64	0.55	0.00505763
0.64	0.6	0.00490266
0.64	0.65	0.00464789
0.64	0.7	0.0042985
0.64	0.75	0.00386161
0.64	0.8	0.0033461
0.64	0.85	0.00276248
0.64	0.9	0.00212262
0.64	0.95	0.00143955
0.64	1	0.000727177

0.65	0	0.000672423
0.65	0.05	0.00133116
0.65	0.1	0.00196279
0.65	0.15	0.00255447
0.65	0.2	0.00309415
0.65	0.25	0.00357084
0.65	0.3	0.00397483
0.65	0.35	0.00429792
0.65	0.4	0.0045335
0.65	0.45	0.0046768
0.65	0.5	0.0047249
0.65	0.55	0.0046768
0.65	0.6	0.0045335
0.65	0.65	0.00429792
0.65	0.7	0.00397483
0.65	0.75	0.00357084
0.65	0.8	0.00309415
0.65	0.85	0.00255447
0.65	0.9	0.00196279
0.65	0.95	0.00133116
0.65	1	0.000672423

0.66	0	0.000621791
0.66	0.05	0.00123092
0.66	0.1	0.001815
0.66	0.15	0.00236213
0.66	0.2	0.00286117
0.66	0.25	0.00330196
0.66	0.3	0.00367554
0.66	0.35	0.00397429
0.66	0.4	0.00419214
0.66	0.45	0.00432465
0.66	0.5	0.00436912
0.66	0.55	0.00432465
0.66	0.6	0.00419214
0.66	0.65	0.00397429
0.66	0.7	0.00367554
0.66	0.75	0.00330196
0.66	0.8	0.00286117
0.66	0.85	0.00236213
0.66	0.9	0.001815
0.66	0.95	0.00123092
0.66	1	0.000621791

0.67	0	0.000574972
0.67	0.05	0.00113824
0.67	0.1	0.00167834
0.67	0.15	0.00218427
0.67	0.2	0.00264573
0.67	0.25	0.00305334
0.67	0.3	0.00339878
0.67	0.35	0.00367504
0.67	0.4	0.00387649
0.67	0.45	0.00399902
0.67	0.5	0.00404014
0.67	0.55	0.00399902
0.67	0.6	0.00387649
0.67	0.65	0.00367504
0.67	0.7	0.00339878
0.67	0.75	0.00305334
0.67	0.8	0.00264573
0.67	0.85	0.00218427
0.67	0.9	0.00167834
0.67	0.95	0.00113824
0.67	1	0.000574972

0.68	0	0.000531678
0.68	0.05	0.00105253
0.68	0.1	0.00155196
0.68	0.15	0.0020198
0.68	0.2	0.00244651
0.68	0.25	0.00282343
0.68	0.3	0.00314286
0.68	0.35	0.00339832
0.68	0.4	0.0035846
0.68	0.45	0.0036979
0.68	0.5	0.00373593
0.68	0.55	0.0036979
0.68	0.6	0.0035846
0.68	0.65	0.00339832
0.68	0.7	0.00314286
0.68	0.75	0.00282343
0.68	0.8	0.00244651
0.68	0.85	0.0020198
0.68	0.9	0.00155196
0.68	0.95	0.00105253
0.68	1	0.000531678

0.69	0	0.000491644
0.69	0.05	0.00097328
0.69	0.1	0.0014351
0.69	0.15	0.00186771
0.69	0.2	0.0022623
0.69	0.25	0.00261083
0.69	0.3	0.00290622
0.69	0.35	0.00314244
0.69	0.4	0.00331469
0.69	0.45	0.00341946
0.69	0.5	0.00345463
0.69	0.55	0.00341946
0.69	0.6	0.00331469
0.69	0.65	0.00314244
0.69	0.7	0.00290622
0.69	0.75	0.00261083
0.69	0.8	0.0022623
0.69	0.85	0.00186771
0.69	0.9	0.0014351
0.69	0.95	0.00097328
0.69	1	0.000491644

0.7	0	0.000454625
0.7	0.05	0.000899995
0.7	0.1	0.00132704
0.7	0.15	0.00172708
0.7	0.2	0.00209195
0.7	0.25	0.00241424
0.7	0.3	0.00268739
0.7	0.35	0.00290582
0.7	0.4	0.0030651
0.7	0.45	0.00316199
0.7	0.5	0.0031945
0.7	0.55	0.00316199
0.7	0.6	0.0030651
0.7	0.65	0.00290582
0.7	0.7	0.00268739
0.7	0.75	0.00241424
0.7	0.8	0.00209195
0.7	0.85	0.00172708
0.7	0.9	0.00132704
0.7	0.95	0.000899995
0.7	1	0.000454625

0.71	0	0.000420393
0.71	0.05	0.000832228
0.71	0.1	0.00122712
0.71	0.15	0.00159703
0.71	0.2	0.00193444
0.71	0.25	0.00223246
0.71	0.3	0.00248503
0.71	0.35	0.00268702
0.71	0.4	0.00283431
0.71	0.45	0.0029239
0.71	0.5	0.00295397
0.71	0.55	0.0029239
0.71	0.6	0.00283431
0.71	0.65	0.00268702
0.71	0.7	0.00248503
0.71	0.75	0.00223246
0.71	0.8	0.00193444
0.71	0.85	0.00159703
0.71	0.9	0.00122712
0.71	0.95	0.000832228
0.71	1	0.000420393

0.72	0	0.000388739
0.72	0.05	0.000769564
0.72	0.1	0.00113472
0.72	0.15	0.00147678
0.72	0.2	0.00178878
0.72	0.25	0.00206436
0.72	0.3	0.00229792
0.72	0.35	0.0024847
0.72	0.4	0.00262089
0.72	0.45	0.00270374
0.72	0.5	0.00273154
0.72	0.55	0.00270374
0.72	0.6	0.00262089
0.72	0.65	0.0024847
0.72	0.7	0.00229792
0.72	0.75	0.00206436
0.72	0.8	0.00178878
0.72	0.85	0.00147678
0.72	0.9	0.00113472
0.72	0.95	0.000769564
0.72	1	0.000388739

0.73	0	0.000359468
0.73	0.05	0.000711618
0.73	0.1	0.00104928
0.73	0.15	0.00136558
0.73	0.2	0.00165409
0.73	0.25	0.00190892
0.73	0.3	0.00212489
0.73	0.35	0.00229761
0.73	0.4	0.00242355
0.73	0.45	0.00250015
0.73	0.5	0.00252586
0.73	0.55	0.00250015
0.73	0.6	0.00242355
0.73	0.65	0.00229761
0.73	0.7	0.00212489
0.73	0.75	0.00190892
0.73	0.8	0.00165409
0.73	0.85	0.00136558
0.73	0.9	0.00104928
0.73	0.95	0.000711618
0.73	1	0.000359468

0.74	0	0.000332401
0.74	0.05	0.000658035
0.74	0.1	0.000970274
0.74	0.15	0.00126276
0.74	0.2	0.00152954
0.74	0.25	0.00176518
0.74	0.3	0.00196489
0.74	0.35	0.0021246
0.74	0.4	0.00224106
0.74	0.45	0.0023119
0.74	0.5	0.00233567
0.74	0.55	0.0023119
0.74	0.6	0.00224106
0.74	0.65	0.0021246
0.74	0.7	0.00196489
0.74	0.75	0.00176518
0.74	0.8	0.00152954
0.74	0.85	0.00126276
0.74	0.9	0.000970274
0.74	0.95	0.000658035
0.74	1	0.000332401

0.75	0	0.000307372
0.75	0.05	0.000608487
0.75	0.1	0.000897215
0.75	0.15	0.00116768
0.75	0.2	0.00141437
0.75	0.25	0.00163227
0.75	0.3	0.00181694
0.75	0.35	0.00196463
0.75	0.4	0.00207232
0.75	0.45	0.00213782
0.75	0.5	0.0021598
0.75	0.55	0.00213782
0.75	0.6	0.00207232
0.75	0.65	0.00196463
0.75	0.7	0.00181694
0.75	0.75	0.00163227
0.75	0.8	0.00141437
0.75	0.85	0.00116768
0.75	0.9	0.000897215
0.75	0.95	0.000608487
0.75	1	0.000307372

0.76	0	0.000284228
0.76	0.05	0.00056267
0.76	0.1	0.000829657
0.76	0.15	0.00107976
0.76	0.2	0.00130787
0.76	0.25	0.00150937
0.76	0.3	0.00168013
0.76	0.35	0.0018167
0.76	0.4	0.00191628
0.76	0.45	0.00197685
0.76	0.5	0.00199718
0.76	0.55	0.00197685
0.76	0.6	0.00191628
0.76	0.65	0.0018167
0.76	0.7	0.00168013
0.76	0.75	0.00150937
0.76	0.8	0.00130787
0.76	0.85	0.00107976
0.76	0.9	0.000829657
0.76	0.95	0.00056267
0.76	1	0.000284228

0.77	0	0.000262826
0.77	0.05	0.000520302
0.77	0.1	0.000767186
0.77	0.15	0.000998453
0.77	0.2	0.00120939
0.77	0.25	0.00139571
0.77	0.3	0.00155362
0.77	0.35	0.0016799
0.77	0.4	0.00177199
0.77	0.45	0.001828
0.77	0.5	0.00184679
0.77	0.55	0.001828
0.77	0.6	0.00177199
0.77	0.65	0.0016799
0.77	0.7	0.00155362
0.77	0.75	0.00139571
0.77	0.8	0.00120939
0.77	0.85	0.000998453
0.77	0.9	0.000767186
0.77	0.95	0.000520302
0.77	1	0.000262826

0.78	0	0.000243036
0.78	0.05	0.000481125
0.78	0.1	0.000709419
0.78	0.15	0.000923272
0.78	0.2	0.00111833
0.78	0.25	0.00129062
0.78	0.3	0.00143664
0.78	0.35	0.00155341
0.78	0.4	0.00163856
0.78	0.45	0.00169035
0.78	0.5	0.00170774
0.78	0.55	0.00169035
0.78	0.6	0.00163856
0.78	0.65	0.00155341
0.78	0.7	0.00143664
0.78	0.75	0.00129062
0.78	0.8	0.00111833
0.78	0.85	0.000923272
0.78	0.9	0.000709419
0.78	0.95	0.000481125
0.78	1	0.000243036

0.79	0	0.000224736
0.79	0.05	0.000444898
0.79	0.1	0.000656002
0.79	0.15	0.000853752
0.79	0.2	0.00103412
0.79	0.25	0.00119344
0.79	0.3	0.00132846
0.79	0.35	0.00143644
0.79	0.4	0.00151518
0.79	0.45	0.00156308
0.79	0.5	0.00157915
0.79	0.55	0.00156308
0.79	0.6	0.00151518
0.79	0.65	0.00143644
0.79	0.7	0.00132846
0.79	0.75	0.00119344
0.79	0.8	0.00103412
0.79	0.85	0.000853752
0.79	0.9	0.000656002
0.79	0.95	0.000444898
0.79	1	0.000224736

0.8	0	0.000207814
0.8	0.05	0.000411398
0.8	0.1	0.000606607
0.8	0.15	0.000789467
0.8	0.2	0.000956256
0.8	0.25	0.00110358
0.8	0.3	0.00122843
0.8	0.35	0.00132828
0.8	0.4	0.00140109
0.8	0.45	0.00144538
0.8	0.5	0.00146024
0.8	0.55	0.00144538
0.8	0.6	0.00140109
0.8	0.65	0.00132828
0.8	0.7	0.00122843
0.8	0.75	0.00110358
0.8	0.8	0.000956256
0.8	0.85	0.000789467
0.8	0.9	0.000606607
0.8	0.95	0.000411398
0.8	1	0.000207814

0.81	0	0.000192166
0.81	0.05	0.000380421
0.81	0.1	0.000560931
0.81	0.15	0.000730023
0.81	0.2	0.000884253
0.81	0.25	0.00102048
0.81	0.3	0.00113594
0.81	0.35	0.00122827
0.81	0.4	0.00129559
0.81	0.45	0.00133655
0.81	0.5	0.00135029
0.81	0.55	0.00133655
0.81	0.6	0.00129559
0.81	0.65	0.00122827
0.81	0.7	0.00113594
0.81	0.75	0.00102048
0.81	0.8	0.000884253
0.81	0.85	0.000730023
0.81	0.9	0.000560931
0.81	0.95	0.000380421
0.81	1	0.000192166

0.82	0	0.000177697
0.82	0.05	0.000351776
0.82	0.1	0.000518695
0.82	0.15	0.000675054
0.82	0.2	0.000817671
0.82	0.25	0.000943643
0.82	0.3	0.0010504
0.82	0.35	0.00113578
0.82	0.4	0.00119804
0.82	0.45	0.00123591
0.82	0.5	0.00124862
0.82	0.55	0.00123591
0.82	0.6	0.00119804
0.82	0.65	0.00113578
0.82	0.7	0.0010504
0.82	0.75	0.000943643
0.82	0.8	0.000817671
0.82	0.85	0.000675054
0.82	0.9	0.000518695
0.82	0.95	0.000351776
0.82	1	0.000177697

0.83	0	0.000164317
0.83	0.05	0.000325289
0.83	0.1	0.000479638
0.83	0.15	0.000624224
0.83	0.2	0.000756103
0.83	0.25	0.000872589
0.83	0.3	0.000971312
0.83	0.35	0.00105026
0.83	0.4	0.00110783
0.83	0.45	0.00114285
0.83	0.5	0.0011546
0.83	0.55	0.00114285
0.83	0.6	0.00110783
0.83	0.65	0.00105026
0.83	0.7	0.000971312
0.83	0.75	0.000872589
0.83	0.8	0.000756103
0.83	0.85	0.000624224
0.83	0.9	0.000479638
0.83	0.95	0.000325289
0.83	1	0.000164317

0.84	0	0.000151944
0.84	0.05	0.000300795
0.84	0.1	0.000443523
0.84	0.15	0.000577222
0.84	0.2	0.00069917
0.84	0.25	0.000806886
0.84	0.3	0.000898175
0.84	0.35	0.00097118
0.84	0.4	0.00102441
0.84	0.45	0.0010568
0.84	0.5	0.00106766
0.84	0.55	0.0010568
0.84	0.6	0.00102441
0.84	0.65	0.00097118
0.84	0.7	0.000898175
0.84	0.75	0.000806886
0.84	0.8	0.00069917
0.84	0.85	0.000577222
0.84	0.9	0.000443523
0.84	0.95	0.000300795
0.84	1	0.000151944

0.85	0	0.000140503
0.85	0.05	0.000278146
0.85	0.1	0.000410127
0.85	0.15	0.000533759
0.85	0.2	0.000646525
0.85	0.25	0.000746129
0.85	0.3	0.000830545
0.85	0.35	0.000898053
0.85	0.4	0.000947279
0.85	0.45	0.000977222
0.85	0.5	0.000987271
0.85	0.55	0.000977222
0.85	0.6	0.000947279
0.85	0.65	0.000898053
0.85	0.7	0.000830545
0.85	0.75	0.000746129
0.85	0.8	0.000646525
0.85	0.85	0.000533759
0.85	0.9	0.000410127
0.85	0.95	0.000278146
0.85	1	0.000140503

0.86	0	0.000129924
0.86	0.05	0.000257203
0.86	0.1	0.000379246
0.86	0.15	0.000493568
0.86	0.2	0.000597843
0.86	0.25	0.000689948
0.86	0.3	0.000768007
0.86	0.35	0.000830432
0.86	0.4	0.000875952
0.86	0.45	0.00090364
0.86	0.5	0.000912932
0.86	0.55	0.00090364
0.86	0.6	0.000875952
0.86	0.65	0.000830432
0.86	0.7	0.000768007
0.86	0.75	0.000689948
0.86	0.8	0.000597843
0.86	0.85	0.000493568
0.86	0.9	0.000379246
0.86	0.95	0.000257203
0.86	1	0.000129924

0.87	0	0.000120141
0.87	0.05	0.000237836
0.87	0.1	0.00035069
0.87	0.15	0.000456404
0.87	0.2	0.000552827
0.87	0.25	0.000637997
0.87	0.3	0.000710179
0.87	0.35	0.000767903
0.87	0.4	0.000809995
0.87	0.45	0.000835598
0.87	0.5	0.000844191
0.87	0.55	0.000835598
0.87	0.6	0.000809995
0.87	0.65	0.000767903
0.87	0.7	0.000710179
0.87	0.75	0.000637997
0.87	0.8	0.000552827
0.87	0.85	0.000456404
0.87	0.9	0.00035069
0.87	0.95	0.000237836
0.87	1	0.000120141

0.88	0	0.000111095
0.88	0.05	0.000219928
0.88	0.1	0.000324284
0.88	0.15	0.000422038
0.88	0.2	0.000511201
0.88	0.25	0.000589958
0.88	0.3	0.000656704
0.88	0.35	0.000710082
0.88	0.4	0.000749005
0.88	0.45	0.00077268
0.88	0.5	0.000780626
0.88	0.55	0.00077268
0.88	0.6	0.000749005
0.88	0.65	0.000710082
0.88	0.7	0.000656704
0.88	0.75	0.000589958
0.88	0.8	0.000511201
0.88	0.85	0.000422038
0.88	0.9	0.000324284
0.88	0.95	0.000219928
0.88	1	0.000111095

0.89	0	0.00010273
0.89	0.05	0.000203368
0.89	0.1	0.000299866
0.89	0.15	0.00039026
0.89	0.2	0.000472709
0.89	0.25	0.000545535
0.89	0.3	0.000607256
0.89	0.35	0.000656615
0.89	0.4	0.000692607
0.89	0.45	0.000714499
0.89	0.5	0.000721847
0.89	0.55	0.000714499
0.89	0.6	0.000692607
0.89	0.65	0.000656615
0.89	0.7	0.000607256
0.89	0.75	0.000545535
0.89	0.8	0.000472709
0.89	0.85	0.00039026
0.89	0.9	0.000299866
0.89	0.95	0.000203368
0.89	1	0.00010273

0.9	0	9.49943e-05
0.9	0.05	0.000188055
0.9	0.1	0.000277287
0.9	0.15	0.000360874
0.9	0.2	0.000437115
0.9	0.25	0.000504458
0.9	0.3	0.000561532
0.9	0.35	0.000607174
0.9	0.4	0.000640456
0.9	0.45	0.0006607
0.9	0.5	0.000667494
0.9	0.55	0.0006607
0.9	0.6	0.000640456
0.9	0.65	0.000607174
0.9	0.7	0.000561532
0.9	0.75	0.000504458
0.9	0.8	0.000437115
0.9	0.85	0.000360874
0.9	0.9	0.000277287
0.9	0.95	0.000188055
0.9	1	9.49943e-05

0.91	0	8.78415e-05
0.91	0.05	0.000173895
0.91	0.1	0.000256408
0.91	0.15	0.000333702
0.91	0.2	0.000404202
0.91	0.25	0.000466474
0.91	0.3	0.00051925
0.91	0.35	0.000561455
0.91	0.4	0.000592231
0.91	0.45	0.000610951
0.91	0.5	0.000617233
0.91	0.55	0.000610951
0.91	0.6	0.000592231
0.91	0.65	0.000561455
0.91	0.7	0.00051925
0.91	0.75	0.000466474
0.91	0.8	0.000404202
0.91	0.85	0.000333702
0.91	0.9	0.000256408
0.91	0.95	0.000173895
0.91	1	8.78415e-05

0.92	0	8.12273e-05
0.92	0.05	0.000160801
0.92	0.1	0.000237101
0.92	0.15	0.000308575
0.92	0.2	0.000373767
0.92	0.25	0.00043135
0.92	0.3	0.000480152
0.92	0.35	0.000519179
0.92	0.4	0.000547638
0.92	0.45	0.000564948
0.92	0.5	0.000570758
0.92	0.55	0.000564948
0.92	0.6	0.000547638
0.92	0.65	0.000519179
0.92	0.7	0.000480152
0.92	0.75	0.00043135
0.92	0.8	0.000373767
0.92	0.85	0.000308575
0.92	0.9	0.000237101
0.92	0.95	0.000160801
0.92	1	8.12273e-05

0.93	0	7.51111e-05
0.93	0.05	0.000148693
0.93	0.1	0.000219248
0.93	0.15	0.00028534
0.93	0.2	0.000345623
0.93	0.25	0.00039887
0.93	0.3	0.000443998
0.93	0.35	0.000480087
0.93	0.4	0.000506402
0.93	0.45	0.000522409
0.93	0.5	0.000527781
0.93	0.55	0.000522409
0.93	0.6	0.000506402
0.93	0.65	0.000480087
0.93	0.7	0.000443998
0.93	0.75	0.00039887
0.93	0.8	0.000345623
0.93	0.85	0.00028534
0.93	0.9	0.000219248
0.93	0.95	0.000148693
0.93	1	7.51111e-05

0.94	0	6.94554e-05
0.94	0.05	0.000137497
0.94	0.1	0.000202739
0.94	0.15	0.000263855
0.94	0.2	0.000319599
0.94	0.25	0.000368837
0.94	0.3	0.000410566
0.94	0.35	0.000443937
0.94	0.4	0.000468272
0.94	0.45	0.000483073
0.94	0.5	0.000488041
0.94	0.55	0.000483073
0.94	0.6	0.000468272
0.94	0.65	0.000443937
0.94	0.7	0.000410566
0.94	0.75	0.000368837
0.94	0.8	0.000319599
0.94	0.85	0.000263855
0.94	0.9	0.000202739
0.94	0.95	0.000137497
0.94	1	6.94554e-05

0.95	0	6.42256e-05
0.95	0.05	0.000127144
0.95	0.1	0.000187474
0.95	0.15	0.000243987
0.95	0.2	0.000295534
0.95	0.25	0.000341064
0.95	0.3	0.000379652
0.95	0.35	0.00041051
0.95	0.4	0.000433012
0.95	0.45	0.000446699
0.95	0.5	0.000451293
0.95	0.55	0.000446699
0.95	0.6	0.000433012
0.95	0.65	0.00041051
0.95	0.7	0.000379652
0.95	0.75	0.000341064
0.95	0.8	0.000295534
0.95	0.85	0.000243987
0.95	0.9	0.000187474
0.95	0.95	0.000127144
0.95	1	6.42256e-05

0.96	0	5.93896e-05
0.96	0.05	0.00011757
0.96	0.1	0.000173358
0.96	0.15	0.000225616
0.96	0.2	0.000273281
0.96	0.25	0.000315383
0.96	0.3	0.000351065
0.96	0.35	0.0003796
0.96	0.4	0.000400408
0.96	0.45	0.000413064
0.96	0.5	0.000417312
0.96	0.55	0.000413064
0.96	0.6	0.000400408
0.96	0.65	0.0003796
0.96	0.7	0.000351065
0.96	0.75	0.000315383
0.96	0.8	0.000273281
0.96	0.85	0.000225616
0.96	0.9	0.000173358
0.96	0.95	0.00011757
0.96	1	5.93896e-05

0.97	0	5.49178e-05
0.97	0.05	0.000108718
0.97	0.1	0.000160304
0.97	0.15	0.000208627
0.97	0.2	0.000252704
0.97	0.25	0.000291636
0.97	0.3	0.000324631
0.97	0.35	0.000351017
0.97	0.4	0.000370258
0.97	0.45	0.000381961
0.97	0.5	0.000385889
0.97	0.55	0.000381961
0.97	0.6	0.000370258
0.97	0.65	0.000351017
0.97	0.7	0.000324631
0.97	0.75	0.000291636
0.97	0.8	0.000252704
0.97	0.85	0.000208627
0.97	0.9	0.000160304
0.97	0.95	0.000108718
0.97	1	5.49178e-05

0.98	0	5.07826e-05
0.98	0.05	0.000100531
0.98	0.1	0.000148234
0.98	0.15	0.000192918
0.98	0.2	0.000233676
0.98	0.25	0.000269676
0.98	0.3	0.000300187
0.98	0.35	0.000324587
0.98	0.4	0.000342379
0.98	0.45	0.000353201
0.98	0.5	0.000356833
0.98	0.55	0.000353201
0.98	0.6	0.000342379
0.98	0.65	0.000324587
0.98	0.7	0.000300187
0.98	0.75	0.000269676
0.98	0.8	0.000233676
0.98	0.85	0.000192918
0.98	0.9	0.000148234
0.98	0.95	0.000100531
0.98	1	5.07826e-05

0.99	0	4.69588e-05
0.99	0.05	9.29617e-05
0.99	0.1	0.000137072
0.99	0.15	0.000178392
0.99	0.2	0.000216081
0.99	0.25	0.00024937
0.99	0.3	0.000277584
0.99	0.35	0.000300146
0.99	0.4	0.000316599
0.99	0.45	0.000326606
0.99	0.5	0.000329964
0.99	0.55	0.000326606
0.99	0.6	0.000316599
0.99	0.65	0.000300146
0.99	0.7	0.000277584
0.99	0.75	0.00024937
0.99	0.8	0.000216081
0.99	0.85	0.000178392
0.99	0.9	0.000137072
0.99	0.95	9.29617e-05
0.99	1	4.69588e-05

1	0	4.3423e-05
1	0.05	8.5962e-05
1	0.1	0.000126751
1	0.15	0.00016496
1	0.2	0.00019981
1	0.25	0.000230594
1	0.3	0.000256682
1	0.35	0.000277546
1	0.4	0.00029276
1	0.45	0.000302013
1	0.5	0.000305119
1	0.55	0.000302013
1	0.6	0.00029276
1	0.65	0.000277546
1	0.7	0.000256682
1	0.75	0.000230594
1	0.8	0.00019981
1	0.85	0.00016496
1	0.9	0.000126751
1	0.95	8.5962e-05
1	1	4.3423e-05

